20	63400208	0.21403925065751653
20	63400233	0.22659002838958203
20	63400258	0.23446690584650964
20	63400283	0.2380769716568708
20	63400308	0.3207824102636812
20	63400333	0.3370300177193203
20	63400358	0.2428955414332321
20	63400383	0.1614286711848574
20	63400408	0.11743574268018016
20	63400433	0.12695802964197722
20	63400458	0.15973866474707366
20	63400483	0.18137017752767784
20	63400508	0.18853128378946518
20	63400533	0.1614828531697041
20	63400558	0.18676764486780725
20	63400583	0.1983214339789902
20	63400608	0.16909009251556636
20	63400633	0.20730596525207795
20	63400658	0.24065007739758498
20	63400683	0.2554264616273154
20	63400708	0.3104459994648415
20	63400733	0.2841074018875548
20	63400758	0.2374421984571467
20	63400783	0.27693058045619956
20	63400808	0.2775397325192254
20	63400833	0.2615961641808247
20	63400858	0.26825429123575223
20	63400883	0.25643470765409304
20	63400908	0.2411164365417015
20	63400933	0.21562055492640028
20	63400958	0.20256224182845564
20	63400983	0.33744299692932755
20	63401008	0.35032630244284296
20	63401033	0.2424107113698127
20	63401058	0.22806032825686032
20	63401083	0.19815478813193294
20	63401108	0.2010669823372259
20	63401133	0.21635523378515734
20	63401158	0.2697366236588228
20	63401183	0.22130462689837926
20	63401208	0.15593502409226093
20	63401233	0.20422608887728438
20	63401258	0.2765833213079778
20	63401283	0.3622859872262745
20	63401308	0.28763212494838314
20	63401333	0.20531758820907964
20	63401358	0.21902641271210685
20	63401383	0.19267840433904665
20	63401408	0.2238044664237726
20	63401433	0.2593073887788991
20	63401458	0.19572725173210445
20	63401483	0.18516210125431604
20	63401508	0.2508638868289219
20	63401533	0.2414194579172407
20	63401558	0.23249605211579574
20	63401583	0.22236228903210134
20	63401608	0.19711490886544045
20	63401633	0.2653720396586894
20	63401658	0.23875752458508379
20	63401683	0.1793014829185971
20	63401708	0.19516516669950304
20	63401733	0.2590302922190797
20	63401758	0.2717693167409395
20	63401783	0.2171802179038595
20	63401808	0.21829368287237366
20	63401833	0.20345901789938728
20	63401858	0.21939237949842366
20	63401883	0.259677032122033
20	63401908	0.22842351926359358
20	63401933	0.2182683091372552
20	63401958	0.2367655386613087
20	63401983	0.22626314573320994
20	63402008	0.21466599331217753
20	63402033	0.20097683284818788
20	63402058	0.23033923579707224
20	63402083	0.23465378708930526
20	63402108	0.23859335085568698
20	63402133	0.24503908315304906
20	63402158	0.2276215375774851
20	63402183	0.23587326322085628
20	63402208	0.2910540603698697
20	63402233	0.32886367205711253
20	63402258	0.29977053831331746
20	63402283	0.23493910372714794
20	63402308	0.1895350821670571
20	63402333	0.1830838437659294
20	63402358	0.1699818111496009
20	63402383	0.20467439848292676
20	63402408	0.18636981058723187
20	63402433	0.14832107391532154
20	63402458	0.14374994046326764
20	63402483	0.12789745819683843
20	63402508	0.18320503816650924
20	63402533	0.19422048018312943
20	63402558	0.1847165250377829
20	63402583	0.18420482897209936
20	63402608	0.17781071442202492
20	63402633	0.21121665779567259
20	63402658	0.23503618558362163
20	63402683	0.22031815202417873
20	63402708	0.19616718646496537
20	63402733	0.18906630162692573
20	63402758	0.2492370453144587
20	63402783	0.26337327739328337
20	63402808	0.23007871536917057
20	63402833	0.2302858528056357
20	63402858	0.16542583861940227
20	63402883	0.21273065435873903
20	63402908	0.2414968887371765
20	63402933	0.1437961862310093
20	63402958	0.12505082910929227
20	63402983	0.16997634719994822
20	63403008	0.20199179654842728
20	63403033	0.20663190652108943
20	63403058	0.18341993245892607
20	63403083	0.22546157833495042
20	63403108	0.2424979482147031
20	63403133	0.1655061235090987
20	63403158	0.177360752761512
20	63403183	0.19373232726150913
20	63403208	0.21113055900661332
20	63403233	0.329249715437232
20	63403258	0.3308749783622032
20	63403283	0.20077782921878023
20	63403308	0.15831491674284162
20	63403333	0.15476655937466974
20	63403358	0.18626019258612406
20	63403383	0.23230125744067376
20	63403408	0.1754332037655079
20	63403433	0.12696546820511362
20	63403458	0.13274010839609138
20	63403483	0.13748131874455755
20	63403508	0.13741782793600377
20	63403533	0.13013256677732885
20	63403558	0.16380557613557997
20	63403583	0.23153997344159744
20	63403608	0.20988669329429616
20	63403633	0.1910774908736109
20	63403658	0.20195914840187748
20	63403683	0.1664779185594196
20	63403708	0.16852074225688654
20	63403733	0.23256969889862286
20	63403758	0.2608663024192516
20	63403783	0.22325474625467287
20	63403808	0.1985503826638169
20	63403833	0.18802911713722398
20	63403858	0.2678879921034935
20	63403883	0.2933795624638689
20	63403908	0.19571211914614303
20	63403933	0.1436476164089527
20	63403958	0.16694246455385894
20	63403983	0.18562204013896802
20	63404008	0.21370977422793902
20	63404033	0.2078491028525226
20	63404058	0.199935612683845
20	63404083	0.19791812794885189
20	63404108	0.16707318370121413
20	63404133	0.15501127538697973
20	63404158	0.14342737881746914
20	63404183	0.1693647330977313
20	63404208	0.2078641183019452
20	63404233	0.24963268916222048
20	63404258	0.22080424852369945
20	63404283	0.17312853633064354
20	63404308	0.21297936943043538
20	63404333	0.23839273928154533
20	63404358	0.2002270657268803
20	63404383	0.2029253452644007
20	63404408	0.23260306062648345
20	63404433	0.24828844484555412
20	63404458	0.232593552880312
20	63404483	0.18042740854175812
20	63404508	0.17660991867817005
20	63404533	0.23947505972463437
20	63404558	0.2605992654943747
20	63404583	0.244136907711434
20	63404608	0.22040787177357016
20	63404633	0.24628628075427808
20	63404658	0.2522261728642398
20	63404683	0.28141293001373696
20	63404708	0.33491123708045034
20	63404733	0.24251458572828036
20	63404758	0.2624054552239943
20	63404783	0.27945478787931616
20	63404808	0.18795679731347295
20	63404833	0.2000401214533648
20	63404858	0.20170857509596818
20	63404883	0.2189408579696909
20	63404908	0.26661126130244805
20	63404933	0.23977331149040182
20	63404958	0.17881061971360915
20	63404983	0.18710463890384502
20	63405008	0.2680582772671333
20	63405033	0.31363346567049644
20	63405058	0.2098223537807204
20	63405083	0.11373501793989588
20	63405108	0.13560079848445164
20	63405133	0.18019578458079877
20	63405158	0.22146331121236482
20	63405183	0.17651614093084947
20	63405208	0.23478364640125313
20	63405233	0.24120965020024732
20	63405258	0.2323340257129793
20	63405283	0.29013274453676857
20	63405308	0.22943675062473556
20	63405333	0.20323188315323562
20	63405358	0.2246899726720142
20	63405383	0.2643325088605328
20	63405408	0.2994641332393413
20	63405433	0.27283203800583955
20	63405458	0.19032897929947543
20	63405483	0.162524693795313
20	63405508	0.1635775997903965
20	63405533	0.22368681317513744
20	63405558	0.24291198361430502
20	63405583	0.20328684971186065
20	63405608	0.23444010337154111
20	63405633	0.2724509351370417
20	63405658	0.20829172404721275
20	63405683	0.19362270604704857
20	63405708	0.23919463149660988
20	63405733	0.23039068171164329
20	63405758	0.21866429200961585
20	63405783	0.23224944198623407
20	63405808	0.298664551991596
20	63405833	0.25432396928098144
20	63405858	0.23709116763627272
20	63405883	0.22314988318364534
20	63405908	0.15962724907779569
20	63405933	0.15160177420412096
20	63405958	0.2531011437090691
20	63405983	0.2747077920076898
20	63406008	0.16169650723571335
20	63406033	0.1674729904699151
20	63406058	0.1917525621300274
20	63406083	0.20586001114205496
20	63406108	0.2070037695460661
20	63406133	0.3015260726660442
20	63406158	0.3486820332102289
20	63406183	0.2701868045445941
20	63406208	0.2647316793396099
20	63406233	0.2370894023712472
20	63406258	0.19092127858729155
20	63406283	0.2617925029893019
20	63406308	0.3053306310442339
20	63406333	0.2675049306482568
20	63406358	0.2764646838580146
20	63406383	0.2690691982333265
20	63406408	0.20939795900983996
20	63406433	0.16778705050410928
20	63406458	0.14592007710189128
20	63406483	0.17378873803529601
20	63406508	0.21106249021784873
20	63406533	0.18737671889928573
20	63406558	0.19403882159620528
20	63406583	0.23377574739566306
20	63406608	0.27074754785519195
20	63406633	0.27069406003312263
20	63406658	0.2613922404393244
20	63406683	0.32053880345895636
20	63406708	0.3383461528358417
20	63406733	0.285228323957296
20	63406758	0.2264759862224092
20	63406783	0.24350010906243308
20	63406808	0.24068378404781765
20	63406833	0.15570563028410392
20	63406858	0.1774854585618528
20	63406883	0.25208923690571894
20	63406908	0.284749330044539
20	63406933	0.26264118895399285
20	63406958	0.22402042131717076
20	63406983	0.31467070865383445
20	63407008	0.38128604426774504
20	63407033	0.34065552447567554
20	63407058	0.3259891004157275
20	63407083	0.2639502085791984
20	63407108	0.20495289733788302
20	63407133	0.2988165809686977
20	63407158	0.2839103247600628
20	63407183	0.21541469637323318
20	63407208	0.2880733253135827
20	63407233	0.2951265311636453
20	63407258	0.3005307649009296
20	63407283	0.29333645164621347
20	63407308	0.2438498220068199
20	63407333	0.17299642122845668
20	63407358	0.11707795548824283
20	63407383	0.1861660228757362
20	63407408	0.23643765719615967
20	63407433	0.1961187468936231
20	63407458	0.17014158941425175
20	63407483	0.1632798575960115
20	63407508	0.21071934963835798
20	63407533	0.23564197649801552
20	63407558	0.19471908895452059
20	63407583	0.1709935872779518
20	63407608	0.1781994676415045
20	63407633	0.1889650001703215
20	63407658	0.18088916924489495
20	63407683	0.20016599903922544
20	63407708	0.22922884045551165
20	63407733	0.20848156869941442
20	63407758	0.17026939205480313
20	63407783	0.18516909636777357
20	63407808	0.18390657392142215
20	63407833	0.16645536245226047
20	63407858	0.21101284897740863
20	63407883	0.18554249116293572
20	63407908	0.19872146698501506
20	63407933	0.22333433964901434
20	63407958	0.16036884517329794
20	63407983	0.15847828339846018
20	63408008	0.1780072721425103
20	63408033	0.2559627630594802
20	63408058	0.2764555584633543
20	63408083	0.18163053303898877
20	63408108	0.22451899789047508
20	63408133	0.23301727854792553
20	63408158	0.20718010581762894
20	63408183	0.20142845119039537
20	63408208	0.19508117289795987
20	63408233	0.21793312534948917
20	63408258	0.1938490137555067
20	63408283	0.16749384284338717
20	63408308	0.1951530161954193
20	63408333	0.21836438301891642
20	63408358	0.21512525391331927
20	63408383	0.2965438342255448
20	63408408	0.2857303854884411
20	63408433	0.24658110114875267
20	63408458	0.27742097396057785
20	63408483	0.2791175198286218
20	63408508	0.2874059506927666
20	63408533	0.277898411642586
20	63408558	0.2406202118871357
20	63408583	0.19299945307050934
20	63408608	0.15896993768513332
20	63408633	0.18061426067466627
20	63408658	0.19115140068767927
20	63408683	0.2364519600432051
20	63408708	0.2737509597451358
20	63408733	0.2138169915659808
20	63408758	0.20032851986534073
20	63408783	0.20707161922531578
20	63408808	0.25949662193519163
20	63408833	0.3171601533255282
20	63408858	0.25742147303628105
20	63408883	0.18636943823617963
20	63408908	0.203974493720152
20	63408933	0.21334013590553214
20	63408958	0.21172874339895018
20	63408983	0.26882012641924347
20	63409008	0.28487686612534996
20	63409033	0.2677169064760595
20	63409058	0.25970344526507266
20	63409083	0.2398979044199607
20	63409108	0.17459064718680714
20	63409133	0.20602424074021267
20	63409158	0.20255697910472376
20	63409183	0.21817671458716695
20	63409208	0.24476927870116058
20	63409233	0.16525748479519334
20	63409258	0.18829524934956648
20	63409283	0.20751858897066702
20	63409308	0.187498048945452
20	63409333	0.14139410167619657
20	63409358	0.11948720208774108
20	63409383	0.1328788096838093
20	63409408	0.15953473240378915
20	63409433	0.17524995030114518
20	63409458	0.1735587436014453
20	63409483	0.21096640331342692
20	63409508	0.21948466051599
20	63409533	0.17245285926455955
20	63409558	0.13791930940605043
20	63409583	0.171743464350763
20	63409608	0.20668904707747252
20	63409633	0.17596600175408575
20	63409658	0.17542868547107626
20	63409683	0.22906527432973905
20	63409708	0.19671846667869294
20	63409733	0.15098903017528575
20	63409758	0.14997502312024819
20	63409783	0.17839097152182576
20	63409808	0.18493756121164864
20	63409833	0.18084480874261172
20	63409858	0.186915829524421
20	63409883	0.18329702709145257
20	63409908	0.21665861329313607
20	63409933	0.1842657552441495
20	63409958	0.1549936414756235
20	63409983	0.1674437520472169
20	63410008	0.20184940289036235
20	63410033	0.24890462292873275
20	63410058	0.24366172215722787
20	63410083	0.1860110375183485
20	63410108	0.23114527126705994
20	63410133	0.31928935942794495
20	63410158	0.27652820344301704
20	63410183	0.2323681134107243
20	63410208	0.1939738610870389
20	63410233	0.23403788014647925
20	63410258	0.24336027934627752
20	63410283	0.19486135019758408
20	63410308	0.17819269672756027
20	63410333	0.15511185366473593
20	63410358	0.1481943419038026
20	63410383	0.17378679899141777
20	63410408	0.1927668822505821
20	63410433	0.1958080208091346
20	63410458	0.2539916456507221
20	63410483	0.21209345256845577
20	63410508	0.19261175736040237
20	63410533	0.23274440749166572
20	63410558	0.20492952803715253
20	63410583	0.24614864602413433
20	63410608	0.23932122836031133
20	63410633	0.1856470175930206
20	63410658	0.23454673054495276
20	63410683	0.22114217794320573
20	63410708	0.1778258600738033
20	63410733	0.1696318182119812
20	63410758	0.26202119123075795
20	63410783	0.25594075068316635
20	63410808	0.13608684479820876
20	63410833	0.13041103608230506
20	63410858	0.14174840986936904
20	63410883	0.18927593130593243
20	63410908	0.182382127689379
20	63410933	0.18650361576832822
20	63410958	0.17900521859149165
20	63410983	0.1287661444577118
20	63411008	0.11360181812318859
20	63411033	0.17881269500205457
20	63411058	0.24642896397331465
20	63411083	0.16794680629494854
20	63411108	0.11397495038672083
20	63411133	0.22559172000859462
20	63411158	0.2597100278076018
20	63411183	0.2053389829487625
20	63411208	0.20743938490353778
20	63411233	0.1836150959459035
20	63411258	0.20534596095266633
20	63411283	0.25112626196908167
20	63411308	0.31635614517100646
20	63411333	0.2749826189342455
20	63411358	0.17382050006784913
20	63411383	0.15853443076240237
20	63411408	0.17781942938908663
20	63411433	0.20067550598085798
20	63411458	0.21203407493635698
20	63411483	0.20176216874162478
20	63411508	0.21246720262399726
20	63411533	0.24179216043698906
20	63411558	0.19406171652719142
20	63411583	0.18830093896133548
20	63411608	0.17498099233904707
20	63411633	0.12948467569385733
20	63411658	0.1925836671008986
20	63411683	0.2430763674664132
20	63411708	0.24186008305670564
20	63411733	0.25528988260757157
20	63411758	0.25067417252291835
20	63411783	0.23190619809916535
20	63411808	0.21350259802436292
20	63411833	0.21589431692397912
20	63411858	0.22246753390425342
20	63411883	0.15974430149716878
20	63411908	0.269615214962164
20	63411933	0.27857311247923566
20	63411958	0.1855684576814286
20	63411983	0.24812429379590215
20	63412008	0.2691288061733339
20	63412033	0.21279636129661167
20	63412058	0.1454406245963288
20	63412083	0.2675600863985074
20	63412108	0.356506567820353
20	63412133	0.2659027032199472
20	63412158	0.22045543832138598
20	63412183	0.30893825288759924
20	63412208	0.34015375359426026
20	63412233	0.23133992157447955
20	63412258	0.13559841319494362
20	63412283	0.11047674831229291
20	63412308	0.1274079108430251
20	63412333	0.1422687074915076
20	63412358	0.14712112955134063
20	63412383	0.2777861274123514
20	63412408	0.3889119455557158
20	63412433	0.28379337495176715
20	63412458	0.19065436305629582
20	63412483	0.19459922609918973
20	63412508	0.17691136795330753
20	63412533	0.19464015957841682
20	63412558	0.1954761875937848
20	63412583	0.20372381768817108
20	63412608	0.19172259334741845
20	63412633	0.18657956139710835
20	63412658	0.21855375998172938
20	63412683	0.19507672472235899
20	63412708	0.1713889591816543
20	63412733	0.17945411857189228
20	63412758	0.1789721694557143
20	63412783	0.16505621582895416
20	63412808	0.2019801317341123
20	63412833	0.23124678184201
20	63412858	0.18474025307306854
20	63412883	0.1841401216538138
20	63412908	0.19077514722355196
20	63412933	0.13822263954883277
20	63412958	0.14660649450306076
20	63412983	0.19323285934905285
20	63413008	0.19156486273651954
20	63413033	0.19073837629325793
20	63413058	0.26146183248775506
20	63413083	0.26596793655357187
20	63413108	0.2511799404948036
20	63413133	0.21811909708197458
20	63413158	0.21074534878967993
20	63413183	0.22948568311344766
20	63413208	0.2711806305903507
20	63413233	0.3030815143073923
20	63413258	0.20765482598538917
20	63413283	0.15311255488288164
20	63413308	0.20231928353875453
20	63413333	0.2842307040612778
20	63413358	0.25540756622203226
20	63413383	0.2044078919761254
20	63413408	0.20259589058048855
20	63413433	0.19779499389654465
20	63413458	0.21857126171602667
20	63413483	0.22528147995565753
20	63413508	0.27234863900151307
20	63413533	0.26278722501548546
20	63413558	0.20705394226296223
20	63413583	0.19807875872272826
20	63413608	0.21969651632804968
20	63413633	0.2097505119767604
20	63413658	0.2106320808674675
20	63413683	0.21924229829946718
20	63413708	0.18493734014379212
20	63413733	0.18786751032030422
20	63413758	0.18965022011719648
20	63413783	0.1866167891046317
20	63413808	0.16479142419968854
20	63413833	0.1919896746433553
20	63413858	0.20567306634753107
20	63413883	0.22852523738723732
20	63413908	0.20053606173060518
20	63413933	0.1800999948999318
20	63413958	0.17188527831180445
20	63413983	0.1568704000232445
20	63414008	0.24247098888465834
20	63414033	0.2723861819128742
20	63414058	0.2514349974737432
20	63414083	0.22748473016146437
20	63414108	0.24249088461690985
20	63414133	0.2171297412738733
20	63414158	0.1852766382360118
20	63414183	0.16714736791415705
20	63414208	0.2148032321492806
20	63414233	0.2591924667444013
20	63414258	0.24961578251374855
20	63414283	0.23315127067027172
20	63414308	0.19963349655124596
20	63414333	0.25301948042078226
20	63414358	0.2274860884795895
20	63414383	0.17952792810027735
20	63414408	0.21389661063139392
20	63414433	0.1991207189782764
20	63414458	0.2270517704521945
20	63414483	0.2934540716311026
20	63414508	0.2087646621403558
20	63414533	0.2474032382114383
20	63414558	0.380906567614532
20	63414583	0.299198500439795
20	63414608	0.19985359138508468
20	63414633	0.16122253074217216
20	63414658	0.15894497126552318
20	63414683	0.21849634299756562
20	63414708	0.18647838260954233
20	63414733	0.12745265370678396
20	63414758	0.14491158009671393
20	63414783	0.16140795953237513
20	63414808	0.21868328373088985
20	63414833	0.22436235586251121
20	63414858	0.17888507120970543
20	63414883	0.2256407254053691
20	63414908	0.30048395643575565
20	63414933	0.31280917669094027
20	63414958	0.25524186346857736
20	63414983	0.19017554257255304
20	63415008	0.22269263734159803
20	63415033	0.2689844229992032
20	63415058	0.2555949912448941
20	63415083	0.24932296537362683
20	63415108	0.18441382495559325
20	63415133	0.218815091508872
20	63415158	0.22508637499060705
20	63415183	0.16672989407965477
20	63415208	0.29785852565312226
20	63415233	0.2921925776291369
20	63415258	0.21318005943558974
20	63415283	0.3256199591812715
20	63415308	0.2999973752337002
20	63415333	0.24306647368857706
20	63415358	0.28965941801133555
20	63415383	0.29287282319890157
20	63415408	0.3575236884900661
20	63415433	0.295487671365423
20	63415458	0.2770800775940229
20	63415483	0.35266520405537266
20	63415508	0.2799068252511492
20	63415533	0.2655640171735407
20	63415558	0.2356435795126241
20	63415583	0.21050450310939117
20	63415608	0.19414550566040734
20	63415633	0.12342499450217223
20	63415658	0.1825480771428503
20	63415683	0.21958376352686035
20	63415708	0.1963137686875799
20	63415733	0.24265847926578546
20	63415758	0.23837288519539462
20	63415783	0.24784757098309798
20	63415808	0.24240609254991075
20	63415833	0.1962227580347965
20	63415858	0.21165799271192645
20	63415883	0.2008656190357922
20	63415908	0.17424578029041018
20	63415933	0.17505231915375033
20	63415958	0.1957461036480282
20	63415983	0.2733420663585998
20	63416008	0.23647400859146844
20	63416033	0.1381539895663504
20	63416058	0.16470157024636614
20	63416083	0.1805974970266511
20	63416108	0.21399076784230417
20	63416133	0.202971315021914
20	63416158	0.16088084447183545
20	63416183	0.22589666805432526
20	63416208	0.30693905416824296
20	63416233	0.22334820119356733
20	63416258	0.15934375325220354
20	63416283	0.20613484589687214
20	63416308	0.21583430153606833
20	63416333	0.22897126554075814
20	63416358	0.294240067752524
20	63416383	0.2565907979636735
20	63416408	0.17964803296582918
20	63416433	0.20758458351756148
20	63416458	0.18834171872421068
20	63416483	0.17846966368171985
20	63416508	0.20367064860282125
20	63416533	0.17805019600076183
20	63416558	0.17404878835465865
20	63416583	0.19805991157483885
20	63416608	0.2001389414728103
20	63416633	0.18902262763786626
20	63416658	0.2190415514859269
20	63416683	0.2539726999042736
20	63416708	0.2491591482651368
20	63416733	0.22742813852834193
20	63416758	0.25024438480052125
20	63416783	0.2295228154683514
20	63416808	0.2285648077544619
20	63416833	0.27892084486685215
20	63416858	0.3090593542391618
20	63416883	0.3015470511205673
20	63416908	0.2196429204110895
20	63416933	0.1658996052650224
20	63416958	0.19173494905878327
20	63416983	0.23135320170956955
20	63417008	0.2994838925020068
20	63417033	0.3138124778716653
20	63417058	0.2290405786877495
20	63417083	0.2189317717502254
20	63417108	0.23159536435553393
20	63417133	0.19075937906382812
20	63417158	0.18162875150911267
20	63417183	0.18986734329333646
20	63417208	0.21943303496979857
20	63417233	0.26312347812637443
20	63417258	0.22991188110765215
20	63417283	0.2405020419273648
20	63417308	0.1928745465457995
20	63417333	0.15016997558409365
20	63417358	0.16131915556831763
20	63417383	0.15768978320305846
20	63417408	0.19602055640022645
20	63417433	0.16950130959443924
20	63417458	0.18812088839931965
20	63417483	0.26500223458630734
20	63417508	0.22997574002146837
20	63417533	0.18156200962319505
20	63417558	0.16694966586709994
20	63417583	0.14660233582060656
20	63417608	0.24000837511996106
20	63417633	0.29990144266570395
20	63417658	0.25505158179749415
20	63417683	0.21804988908443407
20	63417708	0.1856157069500073
20	63417733	0.22010135214334572
20	63417758	0.20644968057486043
20	63417783	0.2328701635597359
20	63417808	0.29616493407397265
20	63417833	0.28145129907205396
20	63417858	0.317712715518587
20	63417883	0.31663804065949436
20	63417908	0.2722853251736157
20	63417933	0.2947092466916483
20	63417958	0.27263098733812063
20	63417983	0.2223858330998717
20	63418008	0.2130512008749726
20	63418033	0.17500058996523002
20	63418058	0.16959197695749725
20	63418083	0.18374953070635666
20	63418108	0.2504745899960641
20	63418133	0.28640186356774366
20	63418158	0.23803449502913887
20	63418183	0.2481885116132014
20	63418208	0.251519530092956
20	63418233	0.21030378342182224
20	63418258	0.2506104183447508
20	63418283	0.30760060861652405
20	63418308	0.2363726128211078
20	63418333	0.2528718224747263
20	63418358	0.22555766178363143
20	63418383	0.17424496187682936
20	63418408	0.22372033679158163
20	63418433	0.27000792727149914
20	63418458	0.2522783697855934
20	63418483	0.21144248277219893
20	63418508	0.2079696312602938
20	63418533	0.2250608425093915
20	63418558	0.23614596897773746
20	63418583	0.18833492778067631
20	63418608	0.21650602169242966
20	63418633	0.250759312581681
20	63418658	0.24928029676326482
20	63418683	0.30173907295783414
20	63418708	0.2492243411907983
20	63418733	0.24188543700400372
20	63418758	0.25104860447695065
20	63418783	0.2075217239250272
20	63418808	0.2893428185943883
20	63418833	0.2931372700158104
20	63418858	0.22664742150125844
20	63418883	0.24561293948953594
20	63418908	0.26210441816934177
20	63418933	0.20296902787056684
20	63418958	0.15713142075863318
20	63418983	0.2326134072602746
20	63419008	0.32590779724615415
20	63419033	0.2866990765160676
20	63419058	0.22597714902168425
20	63419083	0.2298854062527558
20	63419108	0.202941869012613
20	63419133	0.17861472818355423
20	63419158	0.1805330771549356
20	63419183	0.20231883628985972
20	63419208	0.280410159246006
20	63419233	0.22209271658054108
20	63419258	0.19285443174295328
20	63419283	0.26137752673074616
20	63419308	0.26604739243046904
20	63419333	0.25163471624365574
20	63419358	0.1933867229594616
20	63419383	0.2255554224522472
20	63419408	0.2554182099065476
20	63419433	0.269132584138593
20	63419458	0.2587625951186696
20	63419483	0.2166473616820046
20	63419508	0.24905073295563773
20	63419533	0.18699177832697755
20	63419558	0.16692202786242638
20	63419583	0.27919189483506973
20	63419608	0.33365087971847684
20	63419633	0.26546687987827755
20	63419658	0.19934618885796063
20	63419683	0.19822892454278634
20	63419708	0.2805384805239309
20	63419733	0.26670571368858587
20	63419758	0.20627519297821048
20	63419783	0.22292903868056488
20	63419808	0.2454988276638159
20	63419833	0.24312035208613636
20	63419858	0.15898188428168383
20	63419883	0.10334681661829245
20	63419908	0.10438858360764154
20	63419933	0.11924053684832323
20	63419958	0.1300116236701295
20	63419983	0.1433869967220044
20	63420008	0.17700112521952502
20	63420033	0.2559325737108614
20	63420058	0.23492196836364568
20	63420083	0.17160927016885824
20	63420108	0.24058966440025872
20	63420133	0.2505783121581617
20	63420158	0.24009717445114104
20	63420183	0.19678913111707225
20	63420208	0.13874567777964897
20	63420233	0.18387580407985396
20	63420258	0.16326400316931933
20	63420283	0.2131654412815814
20	63420308	0.22124920578004048
20	63420333	0.14658501369930316
20	63420358	0.2024937439885064
20	63420383	0.1765949996277382
20	63420408	0.1196346832558613
20	63420433	0.1773806563644374
20	63420458	0.2371379957786191
20	63420483	0.19958299500812304
20	63420508	0.23359353126612223
20	63420533	0.31181733020082236
20	63420558	0.2506929753837979
20	63420583	0.2639599127381209
20	63420608	0.297862856148252
20	63420633	0.3399220403571842
20	63420658	0.3166265151788423
20	63420683	0.26832623063159
20	63420708	0.22548049449310723
20	63420733	0.17048682056089454
20	63420758	0.24591525465320788
20	63420783	0.3291788992636199
20	63420808	0.2741079525537761
20	63420833	0.19480894292594758
20	63420858	0.1677454540426023
20	63420883	0.24134457804412113
20	63420908	0.30268944653920643
20	63420933	0.18083638984397024
20	63420958	0.1853720822976653
20	63420983	0.25820490907833893
20	63421008	0.2072446628658557
20	63421033	0.1923342354969381
20	63421058	0.2211719433106691
20	63421083	0.22384444302829518
20	63421108	0.21883116480992726
20	63421133	0.17335587064194433
20	63421158	0.21029623560590766
20	63421183	0.25934310689356455
20	63421208	0.24871543112251207
20	63421233	0.20588643301282897
20	63421258	0.21342640510782981
20	63421283	0.23061138209474297
20	63421308	0.18407577157358565
20	63421333	0.16626478668109645
20	63421358	0.19102794000900214
20	63421383	0.21340622418060506
20	63421408	0.2593529526934303
20	63421433	0.24899706351436166
20	63421458	0.21772631597797565
20	63421483	0.19259476897010305
20	63421508	0.1494829950626723
20	63421533	0.1953728123379312
20	63421558	0.2858152779392589
20	63421583	0.27663635239495776
20	63421608	0.26181426278055236
20	63421633	0.3019339091772445
20	63421658	0.24128824268420204
20	63421683	0.2363422833910383
20	63421708	0.25111889877599525
20	63421733	0.20879100303708464
20	63421758	0.2104072470138236
20	63421783	0.2531116937055275
20	63421808	0.3213387097080292
20	63421833	0.355297633540295
20	63421858	0.3190200967553221
20	63421883	0.28223243723295083
20	63421908	0.24812005021833772
20	63421933	0.2910138644011086
20	63421958	0.3247688531622508
20	63421983	0.23426502444776537
20	63422008	0.16910940596838017
20	63422033	0.16565399912090312
20	63422058	0.19579695266898356
20	63422083	0.23630935307039913
20	63422108	0.24295529181203518
20	63422133	0.1977448134079774
20	63422158	0.21210475111854127
20	63422183	0.2273990499542151
20	63422208	0.22839446490746124
20	63422233	0.24511746825449196
20	63422258	0.2171696856441915
20	63422283	0.2236759794337526
20	63422308	0.26029101619922623
20	63422333	0.2870246279075649
20	63422358	0.24925419532794976
20	63422383	0.25824249777050323
20	63422408	0.24739389490932456
20	63422433	0.25411714037352995
20	63422458	0.29355329288594734
20	63422483	0.2779913011055483
20	63422508	0.25331345925850435
20	63422533	0.2504136541232027
20	63422558	0.22973900096652772
20	63422583	0.2101058376955148
20	63422608	0.2331246554828934
20	63422633	0.18947413127929774
20	63422658	0.2196026329715261
20	63422683	0.20929088272222096
20	63422708	0.18211605438845396
20	63422733	0.1955651513216568
20	63422758	0.17622915007507436
20	63422783	0.24311212611196029
20	63422808	0.33909791319969135
20	63422833	0.3803436920502119
20	63422858	0.2955636160212205
20	63422883	0.2984318318746568
20	63422908	0.33314317628405854
20	63422933	0.2461650035158708
20	63422958	0.19446026219361812
20	63422983	0.18950753069029855
20	63423008	0.22538764544401096
20	63423033	0.20303306452767098
20	63423058	0.2311850939410562
20	63423083	0.23138009271426918
20	63423108	0.14210330030850926
20	63423133	0.14712619080155676
20	63423158	0.19594349909000666
20	63423183	0.17034886223212584
20	63423208	0.13282114753233726
20	63423233	0.1558115642782672
20	63423258	0.23804994477314564
20	63423283	0.2717732021273162
20	63423308	0.21122814040699095
20	63423333	0.23280249256623406
20	63423358	0.20679170238472783
20	63423383	0.16015660078322214
20	63423408	0.18448539038945774
20	63423433	0.22517979827925827
20	63423458	0.18545274610641732
20	63423483	0.14895793429458346
20	63423508	0.20237754945646813
20	63423533	0.21610419334963227
20	63423558	0.24245471866174348
20	63423583	0.23507818128100572
20	63423608	0.17416542778590133
20	63423633	0.15535029895256397
20	63423658	0.19219233481363185
20	63423683	0.2759186836653329
20	63423708	0.24540529089624882
20	63423733	0.1926535030761642
20	63423758	0.18971826229428493
20	63423783	0.24591359624889103
20	63423808	0.2689922133888561
20	63423833	0.19172353270483541
20	63423858	0.24279668216108186
20	63423883	0.25996026622956925
20	63423908	0.2951935283782246
20	63423933	0.27344215170126746
20	63423958	0.1669432340843931
20	63423983	0.1615540650544939
20	63424008	0.23981162091431743
20	63424033	0.25285711600166944
20	63424058	0.2236096329675891
20	63424083	0.2602804596696397
20	63424108	0.2638007671675518
20	63424133	0.2759888643349262
20	63424158	0.2453734689828707
20	63424183	0.25195821959722015
20	63424208	0.22422152597827932
20	63424233	0.197740546004541
20	63424258	0.2670713616357574
20	63424283	0.2156687836645627
20	63424308	0.1482372920177826
20	63424333	0.18843066774738634
20	63424358	0.27637973390408527
20	63424383	0.34669089887561777
20	63424408	0.28992094602138674
20	63424433	0.20820494364637596
20	63424458	0.20822238562868747
20	63424483	0.15835186057794248
20	63424508	0.12959094632165616
20	63424533	0.16808046650959005
20	63424558	0.1504826297950459
20	63424583	0.14875416583701917
20	63424608	0.22675353043433008
20	63424633	0.20267574800432323
20	63424658	0.17412692663046786
20	63424683	0.21916541720776894
20	63424708	0.22011353675380063
20	63424733	0.20416535979080788
20	63424758	0.20960217002248951
20	63424783	0.25615407364594184
20	63424808	0.2573233291367358
20	63424833	0.20544038950026383
20	63424858	0.22420773739060595
20	63424883	0.2666183418538277
20	63424908	0.2514945819006213
20	63424933	0.18615946214526646
20	63424958	0.20962683163239032
20	63424983	0.27150551254895816
20	63425008	0.22183946032659643
20	63425033	0.16990940091163323
20	63425058	0.22279882863549091
20	63425083	0.23096521593379432
20	63425108	0.15059723309767364
20	63425133	0.16724628083183563
20	63425158	0.16375590432012416
20	63425183	0.1266466295975325
20	63425208	0.13458444090130436
20	63425233	0.13008084089338098
20	63425258	0.12213398368898326
20	63425283	0.140243080456186
20	63425308	0.23779778244194238
20	63425333	0.27387375969737093
20	63425358	0.2119680090697156
20	63425383	0.19086270877595213
20	63425408	0.20363551028245355
20	63425433	0.19810621875648513
20	63425458	0.16630155687954298
20	63425483	0.20384266251246727
20	63425508	0.22251450216703608
20	63425533	0.2049416261715332
20	63425558	0.1894517207136431
20	63425583	0.1698844258804677
20	63425608	0.1721715929955751
20	63425633	0.15782590302559946
20	63425658	0.1718135518432069
20	63425683	0.21545852736982346
20	63425708	0.18495755724244442
20	63425733	0.16447283424920478
20	63425758	0.17020999538209858
20	63425783	0.1380605119956569
20	63425808	0.1986229177231308
20	63425833	0.204719977250829
20	63425858	0.13349136606712012
20	63425883	0.15548222798167874
20	63425908	0.15338476264289
20	63425933	0.21412920632054247
20	63425958	0.27916496840917393
20	63425983	0.261677948084573
20	63426008	0.2824028289175551
20	63426033	0.2896803858981196
20	63426058	0.24501317255096947
20	63426083	0.22065942245790446
20	63426108	0.20189526010177278
20	63426133	0.1966596217140436
20	63426158	0.20121750346084508
20	63426183	0.16191732120210778
20	63426208	0.14296648406658005
20	63426233	0.2067330202051635
20	63426258	0.2528790919373576
20	63426283	0.18082038145238827
20	63426308	0.20459114878656243
20	63426333	0.21268174495610126
20	63426358	0.15478333238779599
20	63426383	0.1484942380436801
20	63426408	0.13367008577573553
20	63426433	0.15786010628053188
20	63426458	0.16764294080536918
20	63426483	0.12770709900240945
20	63426508	0.1310915248144539
20	63426533	0.1809484445630804
20	63426558	0.1678104797312825
20	63426583	0.14455858610467073
20	63426608	0.15677603547298985
20	63426633	0.13266541318257616
20	63426658	0.11218643844682347
20	63426683	0.17147660299692255
20	63426708	0.20237766140422508
20	63426733	0.1575871838442976
20	63426758	0.17479967056437165
20	63426783	0.20141028362731048
20	63426808	0.20585941763182733
20	63426833	0.19645153855515224
20	63426858	0.16436283311500274
20	63426883	0.13152723716677592
20	63426908	0.12559754684523503
20	63426933	0.17395571465257983
20	63426958	0.20043295952109108
20	63426983	0.21765489328342538
20	63427008	0.19315685948600594
20	63427033	0.17855273537457658
20	63427058	0.20716440307568337
20	63427083	0.1791151451138168
20	63427108	0.12981115729681206
20	63427133	0.1555188589529878
20	63427158	0.20475925671277506
20	63427183	0.22793166951107136
20	63427208	0.18979018585966892
20	63427233	0.11582147994306677
20	63427258	0.11250858419063806
20	63427283	0.15955735997596585
20	63427308	0.22032908265855586
20	63427333	0.21546763577548694
20	63427358	0.265307598480159
20	63427383	0.3075748960860978
20	63427408	0.2743239335985074
20	63427433	0.23946807593171304
20	63427458	0.18656650767267255
20	63427483	0.15616970202690836
20	63427508	0.1632646123847366
20	63427533	0.2553620295025846
20	63427558	0.22867845352413646
20	63427583	0.11753427339158076
20	63427608	0.153350011309191
20	63427633	0.16877226770840412
20	63427658	0.1280747248264409
20	63427683	0.11308148570572611
20	63427708	0.15408852840590898
20	63427733	0.18360733233361345
20	63427758	0.1783246308138444
20	63427783	0.1504009095832314
20	63427808	0.16790772736834175
20	63427833	0.2090645988886759
20	63427858	0.1979998597800515
20	63427883	0.20491658046037464
20	63427908	0.17534493394956063
20	63427933	0.19957633981937495
20	63427958	0.27840787070803724
20	63427983	0.24586044824931558
20	63428008	0.1775563243718181
20	63428033	0.2320500283707721
20	63428058	0.332114310263874
20	63428083	0.26509438193348284
20	63428108	0.2229138421701952
20	63428133	0.2831185741003563
20	63428158	0.22570990675044358
20	63428183	0.20723513897599413
20	63428208	0.20404675759148855
20	63428233	0.20203807214231678
20	63428258	0.20600225702850145
20	63428283	0.16940088847642942
20	63428308	0.21481022828824636
20	63428333	0.282937839521571
20	63428358	0.25229787894139216
20	63428383	0.16411180241287832
20	63428408	0.17078341946430353
20	63428433	0.17183329395629848
20	63428458	0.19162152375204514
20	63428483	0.20007948187033958
20	63428508	0.17888703006700638
20	63428533	0.2751512835541788
20	63428558	0.24179429991720397
20	63428583	0.15317005241173984
20	63428608	0.15978426572966387
20	63428633	0.14019448499770143
20	63428658	0.15924878341246637
20	63428683	0.1869719060780107
20	63428708	0.23580126061674733
20	63428733	0.2752733640072599
20	63428758	0.2542344380981769
20	63428783	0.1884544543294118
20	63428808	0.19539935421069315
20	63428833	0.24510039542821593
20	63428858	0.1755737337731966
20	63428883	0.12877885561233807
20	63428908	0.1316738015563003
20	63428933	0.16026181736734646
20	63428958	0.16328478460752976
20	63428983	0.17215743601099504
20	63429008	0.24112076404978797
20	63429033	0.25618195024998996
20	63429058	0.2350063616852516
20	63429083	0.28884154247961114
20	63429108	0.26043690871792646
20	63429133	0.22169987152564613
20	63429158	0.29054189821816845
20	63429183	0.23260523598679692
20	63429208	0.19063144971528767
20	63429233	0.206138439397649
20	63429258	0.23353657712672965
20	63429283	0.2676815257187881
20	63429308	0.22095766532755745
20	63429333	0.1941625142967371
20	63429358	0.2734094012709376
20	63429383	0.2941824663506312
20	63429408	0.21961015224700464
20	63429433	0.21414327055159643
20	63429458	0.25919461223053397
20	63429483	0.28926633112463485
20	63429508	0.2443397399416898
20	63429533	0.2241632277291409
20	63429558	0.18949437996208124
20	63429583	0.1762138625369194
20	63429608	0.185267854996844
20	63429633	0.14979093307782176
20	63429658	0.14085467427851195
20	63429683	0.1297932563914165
20	63429708	0.197272577387187
20	63429733	0.22664645151120102
20	63429758	0.15127299097373167
20	63429783	0.19793531390918173
20	63429808	0.26417557260663527
20	63429833	0.22611469133300605
20	63429858	0.18871427478631275
20	63429883	0.16880954078989513
20	63429908	0.17170199584722162
20	63429933	0.20222350727194838
20	63429958	0.19939288722707563
20	63429983	0.18684155444627334
20	63430008	0.20463078233601711
20	63430033	0.23198398793734382
20	63430058	0.3196850187265082
20	63430083	0.32628640394145497
20	63430108	0.2064264839946006
20	63430133	0.1979767930264263
20	63430158	0.3000109635571415
20	63430183	0.26089331318895187
20	63430208	0.21179340167135777
20	63430233	0.23587324452541028
20	63430258	0.20110213386760442
20	63430283	0.2119923398410741
20	63430308	0.20069870866186065
20	63430333	0.20609758812598195
20	63430358	0.22041162816419183
20	63430383	0.200000813084283
20	63430408	0.1737790356025022
20	63430433	0.1552904285597653
20	63430458	0.1885767591603064
20	63430483	0.17986476911687396
20	63430508	0.14221762819255887
20	63430533	0.1440928849599251
20	63430558	0.16142652079258094
20	63430583	0.22968566649071132
20	63430608	0.23856569762680033
20	63430633	0.17607758157100828
20	63430658	0.18734567505980396
20	63430683	0.17878803087682882
20	63430708	0.20812667462140255
20	63430733	0.20131258311150987
20	63430758	0.13139647485744813
20	63430783	0.13814020745850208
20	63430808	0.17138002257046892
20	63430833	0.17884745826203513
20	63430858	0.1677143718136652
20	63430883	0.19691962084616196
20	63430908	0.22105947061922057
20	63430933	0.21419227437881955
20	63430958	0.19291507450951823
20	63430983	0.19344643653706012
20	63431008	0.2139491646485499
20	63431033	0.24328277740957532
20	63431058	0.24453880806924014
20	63431083	0.22337725657465432
20	63431108	0.23230832900835505
20	63431133	0.2077189347102567
20	63431158	0.254647282986144
20	63431183	0.2535739071109944
20	63431208	0.19042418568130137
20	63431233	0.21339552685996416
20	63431258	0.21613157443052836
20	63431283	0.18932393703334868
20	63431308	0.1739051767581784
20	63431333	0.19232025181431447
20	63431358	0.20418779122358297
20	63431383	0.22187455263439043
20	63431408	0.21350997583149608
20	63431433	0.13539285121476535
20	63431458	0.13331941537324338
20	63431483	0.1499273123044628
20	63431508	0.12657493234758657
20	63431533	0.13170088141460928
20	63431558	0.1694394355290541
20	63431583	0.21267843218273544
20	63431608	0.19003134372674665
20	63431633	0.17097432313811803
20	63431658	0.24451782512694376
20	63431683	0.25192713780870213
20	63431708	0.18250141732505654
20	63431733	0.19567063923550873
20	63431758	0.19532236181569398
20	63431783	0.15947412521481444
20	63431808	0.19377806075316537
20	63431833	0.2247478081336817
20	63431858	0.21104948765988116
20	63431883	0.24081382950215405
20	63431908	0.23420513827171408
20	63431933	0.18407370706434792
20	63431958	0.24581185979617007
20	63431983	0.25719128017687737
20	63432008	0.20127994093402304
20	63432033	0.19278835813052844
20	63432058	0.20695296812763017
20	63432083	0.24912346076789874
20	63432108	0.23109648514851278
20	63432133	0.23036772751046347
20	63432158	0.2436751958282214
20	63432183	0.18549818186398948
20	63432208	0.2047084288228518
20	63432233	0.22288863161765135
20	63432258	0.21268907296533884
20	63432283	0.2156573683008545
20	63432308	0.17314798482307778
20	63432333	0.18736201439121292
20	63432358	0.19129616948744763
20	63432383	0.21541240648209892
20	63432408	0.2525942205714323
20	63432433	0.21162019310654065
20	63432458	0.20966706987789593
20	63432483	0.19499115792320518
20	63432508	0.17026715572198903
20	63432533	0.20914666393088596
20	63432558	0.1962161395929341
20	63432583	0.1981278789021634
20	63432608	0.21191373407744754
20	63432633	0.18579914266071165
20	63432658	0.222233224340839
20	63432683	0.2263327014912059
20	63432708	0.21331389111504728
20	63432733	0.21516642398194927
20	63432758	0.1817387905864503
20	63432783	0.21701081480374348
20	63432808	0.21145029991411
20	63432833	0.2142118508519761
20	63432858	0.25329847917062415
20	63432883	0.21373355135190275
20	63432908	0.20457740428384308
20	63432933	0.2781114302880612
20	63432958	0.2785971600078131
20	63432983	0.2506219903930432
20	63433008	0.2603907760511509
20	63433033	0.2458406832155298
20	63433058	0.20365798717566225
20	63433083	0.13538151837432635
20	63433108	0.14852055414595663
20	63433133	0.1541052057904432
20	63433158	0.21790397875090728
20	63433183	0.23076969526492913
20	63433208	0.19056131637543303
20	63433233	0.225109926998685
20	63433258	0.17772122873807744
20	63433283	0.16976122780496938
20	63433308	0.20081174253454256
20	63433333	0.19583424348983589
20	63433358	0.25728132622285443
20	63433383	0.26777826610829425
20	63433408	0.18984908704402761
20	63433433	0.1987536216266897
20	63433458	0.23789434308335541
20	63433483	0.299673856991771
20	63433508	0.25501161377302634
20	63433533	0.200026151111688
20	63433558	0.3188629099660592
20	63433583	0.2609283613277056
20	63433608	0.14371715278766645
20	63433633	0.2004411004341794
20	63433658	0.2066291579862863
20	63433683	0.12474535482633142
20	63433708	0.10680909614906763
20	63433733	0.1365223668221994
20	63433758	0.12887213445723392
20	63433783	0.21698942393210668
20	63433808	0.2897818578760609
20	63433833	0.26307916233718504
20	63433858	0.2672306649140383
20	63433883	0.26964999132241596
20	63433908	0.25785746302964074
20	63433933	0.3320621626313129
20	63433958	0.36414041001375846
20	63433983	0.26734039540809
20	63434008	0.17576040986593847
20	63434033	0.15586076077190913
20	63434058	0.20182225455240996
20	63434083	0.21098476065054983
20	63434108	0.19017077397902482
20	63434133	0.2172961984605847
20	63434158	0.2601711330760076
20	63434183	0.18143123410796275
20	63434208	0.16711106602583806
20	63434233	0.19521079492910118
20	63434258	0.16334348333229828
20	63434283	0.1816791885247918
20	63434308	0.18600283346392618
20	63434333	0.24597828826033474
20	63434358	0.2693021668720273
20	63434383	0.2284800657909426
20	63434408	0.21615032099433648
20	63434433	0.1560135175023055
20	63434458	0.14513574890627928
20	63434483	0.1965975114332513
20	63434508	0.20615031091783853
20	63434533	0.2302163811172478
20	63434558	0.2933481634902102
20	63434583	0.29080904967381566
20	63434608	0.26388029753970016
20	63434633	0.2532599405867283
20	63434658	0.23444235517731224
20	63434683	0.24649459724355777
20	63434708	0.21507927922970094
20	63434733	0.27126843198267325
20	63434758	0.34205203357648145
20	63434783	0.26426101291507953
20	63434808	0.18678788844475924
20	63434833	0.12930077962089398
20	63434858	0.1219353264564147
20	63434883	0.16522988999770824
20	63434908	0.15495019752601832
20	63434933	0.127023099200058
20	63434958	0.19870221399125937
20	63434983	0.25298038725585204
20	63435008	0.22180554838111982
20	63435033	0.21893145347037302
20	63435058	0.22689229959469528
20	63435083	0.20815812139915577
20	63435108	0.209611000797512
20	63435133	0.18343751064256045
20	63435158	0.1965926538826222
20	63435183	0.20992227398858346
20	63435208	0.1448230648869127
20	63435233	0.11814385256015213
20	63435258	0.14022419075534573
20	63435283	0.16481255312446216
20	63435308	0.1853523139483266
20	63435333	0.17549414005978473
20	63435358	0.1620184858318181
20	63435383	0.1482873349990205
20	63435408	0.16546322861578638
20	63435433	0.19293070178829055
20	63435458	0.1784683297085658
20	63435483	0.18676187000231653
20	63435508	0.19094359458129315
20	63435533	0.1952226642154953
20	63435558	0.18599460756102978
20	63435583	0.20971522908510884
20	63435608	0.23071697333427507
20	63435633	0.16719026508885945
20	63435658	0.14985964832094756
20	63435683	0.1510191739803099
20	63435708	0.14777502888498031
20	63435733	0.22914293113489093
20	63435758	0.21440794996412293
20	63435783	0.1297813444525916
20	63435808	0.12140371817118283
20	63435833	0.13784153449360942
20	63435858	0.20072165687973306
20	63435883	0.2543715642090588
20	63435908	0.1983702153303361
20	63435933	0.12641253974713418
20	63435958	0.12114622802936881
20	63435983	0.16745847780528686
20	63436008	0.16461896526680272
20	63436033	0.11310282097051023
20	63436058	0.12327973872222071
20	63436083	0.15436775816772214
20	63436108	0.18706631878779306
20	63436133	0.2077009209892489
20	63436158	0.18814390046064675
20	63436183	0.19734969790048232
20	63436208	0.2035915945888126
20	63436233	0.1994229785085933
20	63436258	0.2169036972693876
20	63436283	0.20585858366456228
20	63436308	0.20498548676189712
20	63436333	0.22420937819270187
20	63436358	0.17757853848620284
20	63436383	0.16225978000288413
20	63436408	0.17332474762442618
20	63436433	0.13050799379819902
20	63436458	0.1310789683711476
20	63436483	0.1877415472861663
20	63436508	0.23727276219002708
20	63436533	0.22618748513027442
20	63436558	0.21141684641878644
20	63436583	0.24519343526581547
20	63436608	0.24403159661764096
20	63436633	0.19404281289134254
20	63436658	0.14697191444538316
20	63436683	0.1487400399985277
20	63436708	0.15112135811874525
20	63436733	0.13670171506956894
20	63436758	0.1384941063763949
20	63436783	0.16586200468907614
20	63436808	0.17933977634049938
20	63436833	0.17935710519372247
20	63436858	0.21271839312599766
20	63436883	0.1760494851540199
20	63436908	0.1789839963868423
20	63436933	0.19387146869520927
20	63436958	0.15625172515352864
20	63436983	0.16383977484528126
20	63437008	0.17198201412045355
20	63437033	0.1571684544746569
20	63437058	0.1782212704654106
20	63437083	0.1736251265732024
20	63437108	0.16091070954907374
20	63437133	0.2289814550856646
20	63437158	0.24381820386123107
20	63437183	0.2238839403337776
20	63437208	0.1874267255432118
20	63437233	0.14492558642560271
20	63437258	0.18731210883891056
20	63437283	0.1952801577653829
20	63437308	0.23213791371551057
20	63437333	0.24453301331128324
20	63437358	0.1717219649440727
20	63437383	0.14782139993279542
20	63437408	0.129100446471374
20	63437433	0.13661421810552118
20	63437458	0.15928315306561336
20	63437483	0.15427777145331303
20	63437508	0.18591806890214396
20	63437533	0.22410003049721974
20	63437558	0.18936578370679352
20	63437583	0.1268867102364956
20	63437608	0.1275763484292486
20	63437633	0.16489174167023904
20	63437658	0.15692462312468256
20	63437683	0.16149417587216242
20	63437708	0.15602869528937585
20	63437733	0.1629363425213422
20	63437758	0.16458126105894988
20	63437783	0.1393055039433603
20	63437808	0.15310693246751433
20	63437833	0.18864797308959227
20	63437858	0.21810160699989894
20	63437883	0.20433888758649088
20	63437908	0.18879764881516195
20	63437933	0.247083472452266
20	63437958	0.28336548214029017
20	63437983	0.20288492692097243
20	63438008	0.14585434539674402
20	63438033	0.1664236962655638
20	63438058	0.1848897260137523
20	63438083	0.21719013432576928
20	63438108	0.21355880101577068
20	63438133	0.15167084809116743
20	63438158	0.235275243793152
20	63438183	0.2811032250184498
20	63438208	0.2659629346541246
20	63438233	0.2898963007728838
20	63438258	0.2118122186084359
20	63438283	0.1501672933028009
20	63438308	0.17552868887936088
20	63438333	0.20617979062405214
20	63438358	0.25457300571643493
20	63438383	0.28226838912558433
20	63438408	0.27081040821352187
20	63438433	0.21779033602827058
20	63438458	0.19170382252888685
20	63438483	0.1877133376711411
20	63438508	0.18209149956519358
20	63438533	0.22086935464985624
20	63438558	0.19125371069202213
20	63438583	0.18159989162568893
20	63438608	0.17826468045045057
20	63438633	0.19818725623284633
20	63438658	0.18602383659752394
20	63438683	0.13845240530387035
20	63438708	0.1625734621068207
20	63438733	0.25458207821440637
20	63438758	0.31550420779276345
20	63438783	0.30104532345752305
20	63438808	0.27433818303032687
20	63438833	0.2808094246888391
20	63438858	0.28123128941655784
20	63438883	0.28030552889773236
20	63438908	0.29212014291606037
20	63438933	0.22619215154909636
20	63438958	0.1735161000822582
20	63438983	0.17667900814977547
20	63439008	0.15650963341389368
20	63439033	0.1500222365100289
20	63439058	0.15387923743130852
20	63439083	0.13379747035364634
20	63439108	0.1578523281034238
20	63439133	0.21824341138705838
20	63439158	0.2063062987721165
20	63439183	0.17776866045702353
20	63439208	0.17548391978362132
20	63439233	0.1464923531038744
20	63439258	0.16687754266865826
20	63439283	0.16323508215212626
20	63439308	0.15760849135303004
20	63439333	0.17903588073430138
20	63439358	0.2040769482672454
20	63439383	0.2645330362591987
20	63439408	0.22700314394306617
20	63439433	0.15286921264764494
20	63439458	0.14564656807158488
20	63439483	0.16972873400210559
20	63439508	0.18653966025589477
20	63439533	0.19907311907011457
20	63439558	0.20204050468801402
20	63439583	0.17432687183649007
20	63439608	0.21374221922548792
20	63439633	0.2575191061936177
20	63439658	0.21315742526515397
20	63439683	0.19958016311230017
20	63439708	0.22519604309222674
20	63439733	0.24088556044296994
20	63439758	0.2885953392336433
20	63439783	0.2583292136485228
20	63439808	0.26894453545935343
20	63439833	0.277032988353721
20	63439858	0.2719683207171291
20	63439883	0.23373174956572693
20	63439908	0.16225711421711358
20	63439933	0.20248275106334263
20	63439958	0.21723417829251015
20	63439983	0.255517837672535
20	63440008	0.29336766904710126
20	63440033	0.2115564410206335
20	63440058	0.19214070656397284
20	63440083	0.23997297251279182
20	63440108	0.17776566849170164
20	63440133	0.1350858117833095
20	63440158	0.17998988765167262
20	63440183	0.24754533311684593
20	63440208	0.2658847717575672
20	63440233	0.19568313583642732
20	63440258	0.1552582475206241
20	63440283	0.2085453397432939
20	63440308	0.28457107761874456
20	63440333	0.26788412162842656
20	63440358	0.2525447258776863
20	63440383	0.25967152540373223
20	63440408	0.20861329281581698
20	63440433	0.20380308727760302
20	63440458	0.33088828377105534
20	63440483	0.3294668957374577
20	63440508	0.21764401799098396
20	63440533	0.197240769286423
20	63440558	0.15264687305040991
20	63440583	0.18066077302520944
20	63440608	0.24860061656674937
20	63440633	0.21256914959789278
20	63440658	0.17463962896729676
20	63440683	0.23844012460617095
20	63440708	0.2717984515273354
20	63440733	0.26060585632154626
20	63440758	0.22472091448889733
20	63440783	0.18195978665565557
20	63440808	0.2269568678503836
20	63440833	0.21026541337484014
20	63440858	0.23523919128106904
20	63440883	0.23925393755483534
20	63440908	0.14899989735173064
20	63440933	0.1879392575535491
20	63440958	0.17904179059969583
20	63440983	0.16415013399180273
20	63441008	0.20570020344419118
20	63441033	0.22088650923736555
20	63441058	0.2247151198836595
20	63441083	0.20536650330455475
20	63441108	0.2768452241461461
20	63441133	0.22723389570390268
20	63441158	0.14132147595070027
20	63441183	0.24490364009155838
20	63441208	0.29182309833639225
20	63441233	0.20504012058224966
20	63441258	0.14154919282358042
20	63441283	0.18053011350703174
20	63441308	0.18205820515362767
20	63441333	0.1642654103956513
20	63441358	0.16952449411583584
20	63441383	0.19363522451748752
20	63441408	0.23815768957170108
20	63441433	0.19782070307109723
20	63441458	0.13164174075396318
20	63441483	0.15668469768903154
20	63441508	0.18299734210006613
20	63441533	0.17497259993344608
20	63441558	0.15783804472050503
20	63441583	0.1897564609320946
20	63441608	0.26022587582290063
20	63441633	0.22168212000995344
20	63441658	0.16187111549357927
20	63441683	0.23684712272752032
20	63441708	0.2937893584775514
20	63441733	0.2523178219366905
20	63441758	0.1638423387929804
20	63441783	0.18126886324120367
20	63441808	0.21826121780002683
20	63441833	0.1919777127154686
20	63441858	0.2650455800788533
20	63441883	0.2471561945455965
20	63441908	0.17745072831600228
20	63441933	0.1973040449782473
20	63441958	0.20425298853632642
20	63441983	0.16562896164605403
20	63442008	0.13718879220924066
20	63442033	0.14950847351001845
20	63442058	0.1459301516964656
20	63442083	0.20661208456512314
20	63442108	0.21919057707652662
20	63442133	0.1773135719804703
20	63442158	0.17340721360667605
20	63442183	0.15841318056383485
20	63442208	0.2402359456389823
20	63442233	0.2788058780070276
20	63442258	0.25125792960749616
20	63442283	0.22363180442007946
20	63442308	0.17719515574048675
20	63442333	0.19386610215317363
20	63442358	0.18952173775522024
20	63442383	0.15333428598565702
20	63442408	0.21708128315346784
20	63442433	0.2614646503717328
20	63442458	0.2234134798088792
20	63442483	0.19318969823069962
20	63442508	0.15443704417032322
20	63442533	0.17858505641801678
20	63442558	0.1992690949440696
20	63442583	0.18154194346043873
20	63442608	0.17751968788247782
20	63442633	0.16452370686819232
20	63442658	0.1760601438381109
20	63442683	0.18125449758947645
20	63442708	0.1769419212045722
20	63442733	0.17806601426897115
20	63442758	0.1782930167304602
20	63442783	0.1711953070283832
20	63442808	0.1718045329815948
20	63442833	0.18117657018517716
20	63442858	0.17025464639151044
20	63442883	0.1726372156616615
20	63442908	0.17967589138757467
20	63442933	0.17710579491085282
20	63442958	0.1811443048387258
20	63442983	0.1747640861475989
20	63443008	0.17235856944792927
20	63443033	0.18887625594705074
20	63443058	0.1820244013569367
20	63443083	0.1657938496383404
20	63443108	0.17284226867475
20	63443133	0.2177661228379063
20	63443158	0.21436500095745975
20	63443183	0.17376261746439975
20	63443208	0.17347758549155226
20	63443233	0.20290670927064006
20	63443258	0.20377029844346464
20	63443283	0.17596384183031288
20	63443308	0.1797413094909339
20	63443333	0.18071787213404264
20	63443358	0.1787174189365738
20	63443383	0.17828710174039447
20	63443408	0.1781114908862846
20	63443433	0.17595750590513035
20	63443458	0.17681752275320978
20	63443483	0.19305094397269104
20	63443508	0.20777546889206028
20	63443533	0.18743725422000881
20	63443558	0.16952631943381583
20	63443583	0.1876978328674362
20	63443608	0.21645038743697761
20	63443633	0.22003492723833826
20	63443658	0.18088383545179704
20	63443683	0.1837717517276569
20	63443708	0.19283636996121042
20	63443733	0.2082944104224037
20	63443758	0.23332176195139265
20	63443783	0.2076200689036905
20	63443808	0.1807489710494377
20	63443833	0.21124881539075743
20	63443858	0.24549679756625964
20	63443883	0.2203242877160189
20	63443908	0.17442330341011308
20	63443933	0.19581040547861334
20	63443958	0.2060076734393486
20	63443983	0.20349124930887272
20	63444008	0.21111800495184546
20	63444033	0.19978652170327682
20	63444058	0.19982447271289705
20	63444083	0.14841126529372556
20	63444108	0.14644413776657572
20	63444133	0.23877646679987946
20	63444158	0.2512425764271739
20	63444183	0.19571845846148328
20	63444208	0.18356993285555376
20	63444233	0.2556557488525017
20	63444258	0.2974885145702192
20	63444283	0.22337850511479565
20	63444308	0.1646580958503962
20	63444333	0.15899012312710875
20	63444358	0.21066496003862134
20	63444383	0.19775297857415594
20	63444408	0.16419372186880554
20	63444433	0.16613358579347118
20	63444458	0.19873143644409214
20	63444483	0.1932395214703951
20	63444508	0.1550094814629722
20	63444533	0.1879286360652412
20	63444558	0.19704015099754388
20	63444583	0.20040041242121143
20	63444608	0.23220422924792286
20	63444633	0.25525698617344356
20	63444658	0.2041695164906956
20	63444683	0.17008777014002446
20	63444708	0.2513585244625129
20	63444733	0.24865327324648445
20	63444758	0.1948493049864738
20	63444783	0.26790147178183066
20	63444808	0.31466046113336177
20	63444833	0.2749010465807174
20	63444858	0.2636232191523947
20	63444883	0.280043183313283
20	63444908	0.23327893367672164
20	63444933	0.2304284751712073
20	63444958	0.21902276939443044
20	63444983	0.17764162790496513
20	63445008	0.19513936474408158
20	63445033	0.1848832444882208
20	63445058	0.1714422267179658
20	63445083	0.16072988626308146
20	63445108	0.13475770559318187
20	63445133	0.22012590784534486
20	63445158	0.2930106924961203
20	63445183	0.22231496268222417
20	63445208	0.2245521631866817
20	63445233	0.25950659052552083
20	63445258	0.2519007513311583
20	63445283	0.26658638104200766
20	63445308	0.2984370897623939
20	63445333	0.31833060655112905
20	63445358	0.24487174418444396
20	63445383	0.1555214100960297
20	63445408	0.20854947855994027
20	63445433	0.21990504423635437
20	63445458	0.18033580212817482
20	63445483	0.22549395802457764
20	63445508	0.2344599755471949
20	63445533	0.18701948814935243
20	63445558	0.2206272502254616
20	63445583	0.2611928394378593
20	63445608	0.19441921743255444
20	63445633	0.15902645597074325
20	63445658	0.15875425078274366
20	63445683	0.15442708713547731
20	63445708	0.1585676322536859
20	63445733	0.146397624761553
20	63445758	0.1614660638458413
20	63445783	0.16372501791042002
20	63445808	0.16020243380911278
20	63445833	0.16336447034313575
20	63445858	0.16339390894362749
20	63445883	0.15984663074337915
20	63445908	0.16046618360100529
20	63445933	0.16188558724290428
20	63445958	0.16226912293060758
20	63445983	0.17102479013528984
20	63446008	0.167859916605144
20	63446033	0.15381636160011733
20	63446058	0.16228908544477233
20	63446083	0.1737591217088628
20	63446108	0.16321091828392423
20	63446133	0.16386852992611692
20	63446158	0.17258942817122105
20	63446183	0.18826808049249164
20	63446208	0.20191299878114796
20	63446233	0.20376720040537136
20	63446258	0.1735890156044689
20	63446283	0.25828944317024477
20	63446308	0.27398335678078334
20	63446333	0.21567150662570178
20	63446358	0.25512791009686797
20	63446383	0.3585217572451387
20	63446408	0.38556060594705027
20	63446433	0.21744240649574095
20	63446458	0.1829815254540618
20	63446483	0.2860851668472312
20	63446508	0.25048004667391555
20	63446533	0.1767394407590988
20	63446558	0.20433834222697753
20	63446583	0.19549566579129474
20	63446608	0.16577096366833455
20	63446633	0.175870441392132
20	63446658	0.21100360945354216
20	63446683	0.22247078900764208
20	63446708	0.21717793870275165
20	63446733	0.20750649063973958
20	63446758	0.22352543205292214
20	63446783	0.2141516982947283
20	63446808	0.17802198650410192
20	63446833	0.22601408441740795
20	63446858	0.2422044056569935
20	63446883	0.18552977770223786
20	63446908	0.21198852052400555
20	63446933	0.26095098944070344
20	63446958	0.27736282213780195
20	63446983	0.33414206058504553
20	63447008	0.3115615575366563
20	63447033	0.22607248075691969
20	63447058	0.20932038647236081
20	63447083	0.3046927550068366
20	63447108	0.2648908943872714
20	63447133	0.1616219881314639
20	63447158	0.16137225441316314
20	63447183	0.1672555101324905
20	63447208	0.16517010034218285
20	63447233	0.16461361676083433
20	63447258	0.20644023348162255
20	63447283	0.203628690494848
20	63447308	0.22116229598537773
20	63447333	0.2258844608670181
20	63447358	0.18392262787821329
20	63447383	0.16704823775905983
20	63447408	0.1775631454108993
20	63447433	0.19368099590209395
20	63447458	0.15402847257720823
20	63447483	0.21549529308101184
20	63447508	0.2167294218682341
20	63447533	0.18527964074784134
20	63447558	0.21128497075693323
20	63447583	0.15162806388176128
20	63447608	0.14169352487900772
20	63447633	0.19522235172772417
20	63447658	0.2267611375044557
20	63447683	0.22427595320115268
20	63447708	0.17985871997659356
20	63447733	0.15739783663515877
20	63447758	0.15380190166879057
20	63447783	0.13394147362808195
20	63447808	0.1798460151103817
20	63447833	0.2605933316539217
20	63447858	0.22317121383654365
20	63447883	0.1910781015596081
20	63447908	0.18072588802493467
20	63447933	0.14128938549736095
20	63447958	0.19695695413027037
20	63447983	0.22656647776514133
20	63448008	0.27290912174185605
20	63448033	0.25548886773844093
20	63448058	0.1605500998351196
20	63448083	0.13673547216597776
20	63448108	0.17042854546012046
20	63448133	0.1791440362291188
20	63448158	0.16570521766475704
20	63448183	0.16998757641698253
20	63448208	0.13584366482265645
20	63448233	0.13682699178225732
20	63448258	0.20125124754960605
20	63448283	0.20364452338603145
20	63448308	0.21563803222031028
20	63448333	0.22302874022016506
20	63448358	0.19317593923546184
20	63448383	0.24014021243860512
20	63448408	0.2642260835352559
20	63448433	0.25503683355528883
20	63448458	0.23267657887490992
20	63448483	0.2915897433718199
20	63448508	0.2974771342509061
20	63448533	0.23965961017551177
20	63448558	0.2433161171627629
20	63448583	0.18875064064849
20	63448608	0.149413302741353
20	63448633	0.179272463841935
20	63448658	0.2065700790287936
20	63448683	0.16959645490081848
20	63448708	0.19951191151533737
20	63448733	0.2416959765637811
20	63448758	0.24847658164204683
20	63448783	0.2703471531653797
20	63448808	0.22080643179299278
20	63448833	0.1675653999340054
20	63448858	0.2216629582724998
20	63448883	0.2669699027537015
20	63448908	0.24627703567028392
20	63448933	0.18290218643596218
20	63448958	0.1636671973129739
20	63448983	0.23170798105211898
20	63449008	0.21071168708606527
20	63449033	0.19196400833790933
20	63449058	0.17687284296655137
20	63449083	0.16799683438557947
20	63449108	0.17537721370111348
20	63449133	0.14480633713099877
20	63449158	0.1252483932728309
20	63449183	0.13676649677137528
20	63449208	0.15174577449202206
20	63449233	0.13550516522325004
20	63449258	0.14202189764091286
20	63449283	0.138658077979064
20	63449308	0.20144250824711002
20	63449333	0.3144533708293049
20	63449358	0.2581046788029693
20	63449383	0.17928593956944722
20	63449408	0.22007547417733855
20	63449433	0.19361857040290426
20	63449458	0.17093597694391083
20	63449483	0.19348566873369855
20	63449508	0.22769206932481048
20	63449533	0.22124274328669774
20	63449558	0.17634564246952786
20	63449583	0.2051716671068243
20	63449608	0.19007079389425424
20	63449633	0.18494760850011355
20	63449658	0.21318767621150095
20	63449683	0.20099851217442635
20	63449708	0.18473260379517933
20	63449733	0.1819009644104722
20	63449758	0.16871026991513696
20	63449783	0.17259035145378915
20	63449808	0.23906784841168421
20	63449833	0.2770072582349451
20	63449858	0.2384868988618908
20	63449883	0.1911057337851722
20	63449908	0.23915175871141317
20	63449933	0.2824648999797437
20	63449958	0.23947814249523303
20	63449983	0.27688137285572023
20	63450008	0.3463779846113426
20	63450033	0.30372247550075643
20	63450058	0.24540704366213043
20	63450083	0.23942417452445008
20	63450108	0.307280866379308
20	63450133	0.2560891603978903
20	63450158	0.2115323006117245
20	63450183	0.2727979808251355
20	63450208	0.22746345172440624
20	63450233	0.19563542778245568
20	63450258	0.2138547147173457
20	63450283	0.3183097209241134
20	63450308	0.29934112096210425
20	63450333	0.16794534980843023
20	63450358	0.13460415508577966
20	63450383	0.16909557840685546
20	63450408	0.2239944586101745
20	63450433	0.2162557484169165
20	63450458	0.17088121360359126
20	63450483	0.19215827654664497
20	63450508	0.21035682763525143
20	63450533	0.17940051860968378
20	63450558	0.18120915695014897
20	63450583	0.1670749643278569
20	63450608	0.1748581604930186
20	63450633	0.19468686010931588
20	63450658	0.20855850473009976
20	63450683	0.24636970506160816
20	63450708	0.218090637642548
20	63450733	0.13757298313201097
20	63450758	0.1237057296942313
20	63450783	0.13745996924427678
20	63450808	0.12714787396101665
20	63450833	0.10966852066878052
20	63450858	0.20478523308189306
20	63450883	0.2815505073901271
20	63450908	0.20513577575958167
20	63450933	0.1773426264760974
20	63450958	0.15412159123007219
20	63450983	0.12625779241802312
20	63451008	0.1520849970122555
20	63451033	0.14791797103126517
20	63451058	0.17855653900418714
20	63451083	0.2047351846569341
20	63451108	0.18014109810359927
20	63451133	0.13293562498132983
20	63451158	0.10523470334373153
20	63451183	0.13012056490444818
20	63451208	0.14939780981282672
20	63451233	0.1810357640571974
20	63451258	0.18636043709977562
20	63451283	0.1591335196616496
20	63451308	0.13905798739410957
20	63451333	0.13046571321277367
20	63451358	0.13987908601911928
20	63451383	0.20227986747984125
20	63451408	0.2396827996455429
20	63451433	0.22537027012813649
20	63451458	0.19243076827094047
20	63451483	0.18591015997187943
20	63451508	0.21069169623212478
20	63451533	0.18988864790706694
20	63451558	0.19944362382058584
20	63451583	0.17419106322001654
20	63451608	0.1349386050725963
20	63451633	0.1453390972986521
20	63451658	0.21111648446844064
20	63451683	0.31390681008585886
20	63451708	0.29969278197451327
20	63451733	0.20736324698116385
20	63451758	0.21574235581281465
20	63451783	0.2540329167546979
20	63451808	0.2124906896514377
20	63451833	0.21779343953594713
20	63451858	0.2638922877303319
20	63451883	0.2600188891719954
20	63451908	0.24552174182899636
20	63451933	0.21628516213387322
20	63451958	0.2611759771428531
20	63451983	0.2563440603637265
20	63452008	0.2523972784269672
20	63452033	0.2544986520062765
20	63452058	0.1656660687730761
20	63452083	0.16032496678433578
20	63452108	0.19038937153620164
20	63452133	0.2017083244130006
20	63452158	0.18211540782328417
20	63452183	0.14946965956356498
20	63452208	0.18553776761288163
20	63452233	0.24470522198442007
20	63452258	0.25774780617735643
20	63452283	0.18768325857653417
20	63452308	0.134315623572975
20	63452333	0.18290190422366295
20	63452358	0.19557382870378248
20	63452383	0.17658668628412996
20	63452408	0.21465542077975663
20	63452433	0.29459890766336433
20	63452458	0.2406924730588385
20	63452483	0.16231794421303752
20	63452508	0.2380764169567857
20	63452533	0.2667772062832859
20	63452558	0.2108999108778128
20	63452583	0.1932870693075751
20	63452608	0.19078403143548264
20	63452633	0.21383228762383483
20	63452658	0.21554357349151412
20	63452683	0.1893688336126389
20	63452708	0.2044928434603148
20	63452733	0.22741589530850986
20	63452758	0.24824564154905876
20	63452783	0.1981799506520289
20	63452808	0.19599609776033594
20	63452833	0.216541735194842
20	63452858	0.20907697086878652
20	63452883	0.2399844809056197
20	63452908	0.24330280317829645
20	63452933	0.17955322733811108
20	63452958	0.13416764249792232
20	63452983	0.21461246084720897
20	63453008	0.23215298792853206
20	63453033	0.2566341361056484
20	63453058	0.30380982089432584
20	63453083	0.22494409834493245
20	63453108	0.25312348032452714
20	63453133	0.26988474647802463
20	63453158	0.24710968942616127
20	63453183	0.28639832137694304
20	63453208	0.2511708608618951
20	63453233	0.24830111855703593
20	63453258	0.33291205644749033
20	63453283	0.31351808230544814
20	63453308	0.23703224064411865
20	63453333	0.2205376726491579
20	63453358	0.23694061971678976
20	63453383	0.22980197092640517
20	63453408	0.1690390314924772
20	63453433	0.16641059221184287
20	63453458	0.23421942378267216
20	63453483	0.3017365253800937
20	63453508	0.25780077845498467
20	63453533	0.23572760792690467
20	63453558	0.20348136581369455
20	63453583	0.18208577018141645
20	63453608	0.21658491304915578
20	63453633	0.18301332933460923
20	63453658	0.20887519419539982
20	63453683	0.23863826852749492
20	63453708	0.22638266031111265
20	63453733	0.193620609761386
20	63453758	0.15529750393697891
20	63453783	0.16249263414414103
20	63453808	0.23976187383652534
20	63453833	0.2662651775645209
20	63453858	0.2385720881122218
20	63453883	0.26842983335751075
20	63453908	0.24163148288827113
20	63453933	0.18669405099935257
20	63453958	0.13776587199526164
20	63453983	0.16155830070904914
20	63454008	0.18683640251884828
20	63454033	0.2056364181220891
20	63454058	0.2070629736619414
20	63454083	0.20269341631630508
20	63454108	0.22298134083683901
20	63454133	0.14384432253789878
20	63454158	0.12193017207994686
20	63454183	0.12934037599363646
20	63454208	0.22908371050815451
20	63454233	0.28312995729384227
20	63454258	0.22135909733171755
20	63454283	0.2427545904416239
20	63454308	0.2573760561314311
20	63454333	0.21060770685916325
20	63454358	0.22758932375985982
20	63454383	0.25601900654569765
20	63454408	0.2533320502007428
20	63454433	0.2944845029425589
20	63454458	0.2870745967453439
20	63454483	0.275511253460838
20	63454508	0.2287558761816363
20	63454533	0.18962323199430653
20	63454558	0.27984401907342676
20	63454583	0.2960625824838147
20	63454608	0.2302284288971464
20	63454633	0.2016702896127626
20	63454658	0.1656124278382564
20	63454683	0.15384159979915937
20	63454708	0.14864125172934095
20	63454733	0.1851485266161901
20	63454758	0.23379160815225863
20	63454783	0.23106849898810966
20	63454808	0.18785444661169087
20	63454833	0.2324955120261398
20	63454858	0.2169861552703522
20	63454883	0.17472112150531957
20	63454908	0.2119184441658403
20	63454933	0.1823661991579608
20	63454958	0.19662770220449538
20	63454983	0.1943712539406074
20	63455008	0.22304150190598993
20	63455033	0.24766989929451227
20	63455058	0.150501028050249
20	63455083	0.1378401374909749
20	63455108	0.2647722626848355
20	63455133	0.28888599347840527
20	63455158	0.27621304158001986
20	63455183	0.22944640328529306
20	63455208	0.15739262337651672
20	63455233	0.17231276835037393
20	63455258	0.1743461367447751
20	63455283	0.18048817615725618
20	63455308	0.15663495351340248
20	63455333	0.14379119181378658
20	63455358	0.1977604150284908
20	63455383	0.2699066910758186
20	63455408	0.31846930449652794
20	63455433	0.3287455279485015
20	63455458	0.2571528095408107
20	63455483	0.22065321259933052
20	63455508	0.22621368098218778
20	63455533	0.224338826629015
20	63455558	0.19974569421568042
20	63455583	0.15533214641833068
20	63455608	0.1562997534738784
20	63455633	0.1641416352719067
20	63455658	0.2285822783730093
20	63455683	0.22621742052711075
20	63455708	0.2357033831215519
20	63455733	0.2110327883947332
20	63455758	0.20743035658505293
20	63455783	0.31396206210975935
20	63455808	0.28154518283804675
20	63455833	0.27397439401739876
20	63455858	0.3183165193987924
20	63455883	0.31184385805640435
20	63455908	0.25580627375409754
20	63455933	0.2646986553715808
20	63455958	0.31931616487999803
20	63455983	0.2660059570575648
20	63456008	0.2311714837819395
20	63456033	0.287969264123639
20	63456058	0.30240316960799013
20	63456083	0.2639221341280187
20	63456108	0.26795396836498503
20	63456133	0.29409767819068633
20	63456158	0.28289668283450337
20	63456183	0.22131002791557472
20	63456208	0.19951864816493858
20	63456233	0.1762706134863433
20	63456258	0.19469013512318384
20	63456283	0.25150705489486336
20	63456308	0.2583846525411753
20	63456333	0.2597182976422422
20	63456358	0.24493998192972138
20	63456383	0.20639809313006358
20	63456408	0.16450717950694552
20	63456433	0.14914784874910217
20	63456458	0.18530665047570327
20	63456483	0.2546703157285779
20	63456508	0.260925060971437
20	63456533	0.22043668701506497
20	63456558	0.18054185729263605
20	63456583	0.1957290501093
20	63456608	0.2200931769389354
20	63456633	0.20331700752630713
20	63456658	0.20158942014935238
20	63456683	0.21861211749465564
20	63456708	0.23954320404696874
20	63456733	0.20448759412180711
20	63456758	0.23046676482504855
20	63456783	0.24440505278709185
20	63456808	0.20487206837362856
20	63456833	0.18655321885190507
20	63456858	0.18032089431918677
20	63456883	0.21363286287990185
20	63456908	0.21682698981946108
20	63456933	0.20353474034418956
20	63456958	0.20728434326864006
20	63456983	0.23233836283517253
20	63457008	0.2355501351835832
20	63457033	0.1758432504257974
20	63457058	0.17600379698916419
20	63457083	0.2800285794136077
20	63457108	0.2909180795873043
20	63457133	0.21700855898816815
20	63457158	0.2217319039427852
20	63457183	0.22060788339081183
20	63457208	0.21150770480905035
20	63457233	0.24590405879961502
20	63457258	0.20060557626478795
20	63457283	0.2310106785532816
20	63457308	0.27045298867278417
20	63457333	0.24459172580136318
20	63457358	0.23858976310434424
20	63457383	0.18929747098750432
20	63457408	0.14662799599490528
20	63457433	0.14574954989214686
20	63457458	0.21872179730273356
20	63457483	0.2738343940447184
20	63457508	0.22061767624780715
20	63457533	0.18075780306629582
20	63457558	0.2200250975732724
20	63457583	0.2002307122209194
20	63457608	0.17729401122368108
20	63457633	0.2150139328573554
20	63457658	0.22242803796726948
20	63457683	0.25365284858505155
20	63457708	0.2869517865068454
20	63457733	0.22697919206297396
20	63457758	0.20904848428067577
20	63457783	0.2517560530440526
20	63457808	0.21895585061143666
20	63457833	0.17072167838347074
20	63457858	0.20318366438206692
20	63457883	0.21469445211587918
20	63457908	0.22359418682899956
20	63457933	0.2665851894143053
20	63457958	0.19052837209860599
20	63457983	0.1799125185918515
20	63458008	0.23507608534366733
20	63458033	0.19118864322503532
20	63458058	0.17154765699365382
20	63458083	0.26226771133217197
20	63458108	0.27419678861249863
20	63458133	0.1732129080897683
20	63458158	0.22428475592536778
20	63458183	0.257714181550151
20	63458208	0.22059042259063646
20	63458233	0.1959309822580554
20	63458258	0.14816854377088448
20	63458283	0.2459972850451449
20	63458308	0.3010032856967983
20	63458333	0.22584818270270154
20	63458358	0.25996526069460674
20	63458383	0.2602527874042141
20	63458408	0.24520488066982604
20	63458433	0.26333248094274025
20	63458458	0.22072773075735694
20	63458483	0.24054981565773223
20	63458508	0.1974062574960887
20	63458533	0.1907502325781747
20	63458558	0.22944457525992873
20	63458583	0.17948757206419325
20	63458608	0.26822708440984844
20	63458633	0.30478415077158044
20	63458658	0.22716048936793284
20	63458683	0.20911548667637833
20	63458708	0.20132240799378381
20	63458733	0.21204881554228264
20	63458758	0.1993586299918742
20	63458783	0.1729723583685591
20	63458808	0.19202565913771208
20	63458833	0.2520607594809084
20	63458858	0.3082999285949996
20	63458883	0.23633497495771544
20	63458908	0.2184967437159626
20	63458933	0.2789995354614083
20	63458958	0.22493309270148773
20	63458983	0.2124215827279476
20	63459008	0.2793954252785115
20	63459033	0.2416848720714196
20	63459058	0.2167320014489006
20	63459083	0.29544836892746784
20	63459108	0.2418149032309595
20	63459133	0.16635397057527043
20	63459158	0.17747382782520132
20	63459183	0.2444326272177351
20	63459208	0.2892312206715544
20	63459233	0.30703969633749584
20	63459258	0.31387745422753627
20	63459283	0.22143498939110692
20	63459308	0.17984925624925005
20	63459333	0.19088850023202347
20	63459358	0.14866044632647635
20	63459383	0.16776616917454792
20	63459408	0.2253518882482366
20	63459433	0.1840601226726731
20	63459458	0.12583386797394344
20	63459483	0.18224003055552543
20	63459508	0.17137621456229968
20	63459533	0.16277714469731902
20	63459558	0.20491832082726374
20	63459583	0.22234375072417772
20	63459608	0.2197964700959569
20	63459633	0.1662114649065723
20	63459658	0.15778869958386085
20	63459683	0.19210215366196928
20	63459708	0.18709744365792436
20	63459733	0.13241230840069415
20	63459758	0.1506873606316257
20	63459783	0.2159903519952896
20	63459808	0.19679328073660804
20	63459833	0.18166321370390723
20	63459858	0.18326341538464402
20	63459883	0.1422642681966972
20	63459908	0.15662403563421284
20	63459933	0.1552673227396342
20	63459958	0.16067852332081436
20	63459983	0.1957658382188359
20	63460008	0.25304390370129354
20	63460033	0.24490105501421014
20	63460058	0.14899313694764163
20	63460083	0.16059701918375657
20	63460108	0.23532767387127135
20	63460133	0.2712895242378958
20	63460158	0.2488361139930074
20	63460183	0.19233565287838839
20	63460208	0.16676254647907018
20	63460233	0.160882880776575
20	63460258	0.15501065866286687
20	63460283	0.21886209263868484
20	63460308	0.21351444779284406
20	63460333	0.16193548066180566
20	63460358	0.20939152068066427
20	63460383	0.24374613362784966
20	63460408	0.2263054493610117
20	63460433	0.2417410213434904
20	63460458	0.2976420740879226
20	63460483	0.24501001420227678
20	63460508	0.18084955436867078
20	63460533	0.19414050754887646
20	63460558	0.19676942925342603
20	63460583	0.2738741317152929
20	63460608	0.2856543497748113
20	63460633	0.1834676247155498
20	63460658	0.17496079863581504
20	63460683	0.17886441989815646
20	63460708	0.14899227137467724
20	63460733	0.1936470789744787
20	63460758	0.2106430323019125
20	63460783	0.20720939542316238
20	63460808	0.2719528164504118
20	63460833	0.23813890434225093
20	63460858	0.2028238655176966
20	63460883	0.2583259522684483
20	63460908	0.22954421730466532
20	63460933	0.19263812677793854
20	63460958	0.2117153055014463
20	63460983	0.27221165442480455
20	63461008	0.28431387611643866
20	63461033	0.2286443079566006
20	63461058	0.18896667122176553
20	63461083	0.18453474041973836
20	63461108	0.17883647733172336
20	63461133	0.16996057421687993
20	63461158	0.21110992542402035
20	63461183	0.2571649635575478
20	63461208	0.31618891854498254
20	63461233	0.2848704769249786
20	63461258	0.2012649858835728
20	63461283	0.1927104334687921
20	63461308	0.16171334955001035
20	63461333	0.11195493920711262
20	63461358	0.19731737737979776
20	63461383	0.3443600992390761
20	63461408	0.28662425435885475
20	63461433	0.18821825217870541
20	63461458	0.19790316711499806
20	63461483	0.17776172994939432
20	63461508	0.19321582131184234
20	63461533	0.19748359872377746
20	63461558	0.2515274114934199
20	63461583	0.26750127357604564
20	63461608	0.19409399716943218
20	63461633	0.18997009275590673
20	63461658	0.1899987704203544
20	63461683	0.19626593904355802
20	63461708	0.2233674104657061
20	63461733	0.2369987470431649
20	63461758	0.22151867925887658
20	63461783	0.25607865921804185
20	63461808	0.23554649298290983
20	63461833	0.204885639790632
20	63461858	0.2603431379365052
20	63461883	0.25436969131296977
20	63461908	0.22006249878203113
20	63461933	0.2066020891758707
20	63461958	0.20108417192575456
20	63461983	0.20717348975668246
20	63462008	0.2194615429479385
20	63462033	0.22688499663655146
20	63462058	0.25947658575177224
20	63462083	0.2835050489525556
20	63462108	0.23315539389962364
20	63462133	0.21985105808611088
20	63462158	0.24022835715376326
20	63462183	0.23160826413079882
20	63462208	0.22052108928995467
20	63462233	0.1942434852590534
20	63462258	0.1948661401500013
20	63462283	0.22049019133611256
20	63462308	0.22628368298368212
20	63462333	0.2269372358284722
20	63462358	0.25471207865267753
20	63462383	0.21781966536576824
20	63462408	0.1920537354427274
20	63462433	0.2405838227820763
20	63462458	0.2536818786149983
20	63462483	0.21532495196448045
20	63462508	0.18978929976092893
20	63462533	0.20409876888169065
20	63462558	0.17475652114307794
20	63462583	0.1289520720942458
20	63462608	0.13513370284561066
20	63462633	0.14931227453620338
20	63462658	0.16832249217019374
20	63462683	0.2003078642325699
20	63462708	0.2846986981419405
20	63462733	0.24810745499461206
20	63462758	0.14933386427103054
20	63462783	0.2680823580860979
20	63462808	0.2728228242859907
20	63462833	0.22247213606810376
20	63462858	0.20964543371195887
20	63462883	0.18097660635903964
20	63462908	0.256229671114187
20	63462933	0.24926526203289173
20	63462958	0.21672207130546614
20	63462983	0.20710771330898617
20	63463008	0.14760122564290293
20	63463033	0.1433250141930199
20	63463058	0.1290734854035007
20	63463083	0.1132531789189257
20	63463108	0.17613221971614898
20	63463133	0.17937751837474317
20	63463158	0.1553335977530938
20	63463183	0.15079931394081195
20	63463208	0.16225474811725143
20	63463233	0.2532663100568231
20	63463258	0.21586890803289502
20	63463283	0.14362915745802343
20	63463308	0.16581444979035984
20	63463333	0.169940142901979
20	63463358	0.20231310419985335
20	63463383	0.19049240845673573
20	63463408	0.20037858585051574
20	63463433	0.20666935400961675
20	63463458	0.19619943967036027
20	63463483	0.21577446500674283
20	63463508	0.23381822057229046
20	63463533	0.22285979501673547
20	63463558	0.23794405500040336
20	63463583	0.220189405820628
20	63463608	0.18841378804964606
20	63463633	0.19141267918441476
20	63463658	0.1630556838164344
20	63463683	0.15370412888697857
20	63463708	0.15921436480243492
20	63463733	0.21491601738810573
20	63463758	0.20309480276150332
20	63463783	0.14426065994744253
20	63463808	0.18833782904709861
20	63463833	0.2188974087063969
20	63463858	0.15058191224203302
20	63463883	0.16147051865116133
20	63463908	0.27141620249980747
20	63463933	0.2777094780873052
20	63463958	0.24726691739897544
20	63463983	0.24890426535341892
20	63464008	0.20054836161877998
20	63464033	0.15631292927122267
20	63464058	0.13478067313818332
20	63464083	0.15204349391839525
20	63464108	0.20219025393645748
20	63464133	0.22367991406031767
20	63464158	0.20230186954480384
20	63464183	0.25007946651336227
20	63464208	0.23720326993620963
20	63464233	0.14435810072742092
20	63464258	0.1255768555607582
20	63464283	0.15394618753810907
20	63464308	0.186051443249341
20	63464333	0.22597989581188999
20	63464358	0.2844114901423863
20	63464383	0.25672951283853057
20	63464408	0.1840372884370118
20	63464433	0.19431001776758014
20	63464458	0.23165846408453386
20	63464483	0.27942116988021726
20	63464508	0.34016066215648383
20	63464533	0.24294447380178075
20	63464558	0.22544915443965471
20	63464583	0.26235476647869804
20	63464608	0.1885170979845966
20	63464633	0.22593719866037773
20	63464658	0.27522194243665815
20	63464683	0.20005492110158346
20	63464708	0.12880651267660428
20	63464733	0.1309573556902201
20	63464758	0.16923212016812625
20	63464783	0.17699838760641023
20	63464808	0.19751018148897453
20	63464833	0.1913866821730254
20	63464858	0.26689537205967423
20	63464883	0.3116722039023259
20	63464908	0.2152278186347029
20	63464933	0.18252672936903047
20	63464958	0.14745131787391538
20	63464983	0.16496781636048896
20	63465008	0.21000722543303305
20	63465033	0.19659756412409218
20	63465058	0.21284455493313773
20	63465083	0.2484329269422201
20	63465108	0.20390961507721928
20	63465133	0.16475267652343875
20	63465158	0.1659442090987637
20	63465183	0.1777380687515209
20	63465208	0.1966688162113153
20	63465233	0.16823158686779516
20	63465258	0.14100725890760604
20	63465283	0.1697523854136832
20	63465308	0.16352309032845092
20	63465333	0.1466624399577248
20	63465358	0.19004493139505527
20	63465383	0.2514114989534204
20	63465408	0.25364383188789397
20	63465433	0.19866176625083648
20	63465458	0.24158847773931674
20	63465483	0.23761010921505676
20	63465508	0.15845551421625137
20	63465533	0.1982572546328866
20	63465558	0.2709676483112876
20	63465583	0.3274489721064733
20	63465608	0.2986345488033912
20	63465633	0.19212661673284398
20	63465658	0.20407766723091078
20	63465683	0.2762298088646219
20	63465708	0.2536326263827461
20	63465733	0.18325446443263815
20	63465758	0.1657938293863854
20	63465783	0.18928886455884614
20	63465808	0.1556002158861283
20	63465833	0.2687064571276097
20	63465858	0.3655428554655335
20	63465883	0.28992650874838116
20	63465908	0.31126425172020866
20	63465933	0.3305898983169105
20	63465958	0.3307432443965964
20	63465983	0.24946890991260434
20	63466008	0.1434797827910131
20	63466033	0.15631418421991367
20	63466058	0.15966495876704923
20	63466083	0.1473237572933584
20	63466108	0.23174296601394917
20	63466133	0.25396030453909046
20	63466158	0.23376458216714568
20	63466183	0.26370382603123826
20	63466208	0.2994233942728657
20	63466233	0.33440972699086063
20	63466258	0.3238194552021824
20	63466283	0.33966321203332267
20	63466308	0.34110412567465226
20	63466333	0.3724888893038937
20	63466358	0.35757388501323495
20	63466383	0.25865955516924527
20	63466408	0.24656842275488589
20	63466433	0.24740969935044818
20	63466458	0.2952784162073776
20	63466483	0.25958115630179335
20	63466508	0.22643605118080762
20	63466533	0.24381202314159572
20	63466558	0.28179703578824716
20	63466583	0.3699838079902269
20	63466608	0.310691885844648
20	63466633	0.2931155022160285
20	63466658	0.3425514660680713
20	63466683	0.26762171470298796
20	63466708	0.20580515876043123
20	63466733	0.28741210616092167
20	63466758	0.3333201939845218
20	63466783	0.314064069848321
20	63466808	0.29123598139704826
20	63466833	0.2726236064918755
20	63466858	0.2974608026928624
20	63466883	0.3043369832026636
20	63466908	0.22405145080386135
20	63466933	0.2229296667871447
20	63466958	0.2283228176573244
20	63466983	0.1944416548618199
20	63467008	0.24836896265324396
20	63467033	0.30878682558329396
20	63467058	0.27218654829263267
20	63467083	0.21938970224775894
20	63467108	0.23381832110481535
20	63467133	0.24746926790401697
20	63467158	0.21317580193820804
20	63467183	0.16544812860403735
20	63467208	0.17354050291109813
20	63467233	0.21786523488972706
20	63467258	0.18744871431993948
20	63467283	0.14782374519976535
20	63467308	0.17294788407918418
20	63467333	0.16765962566236425
20	63467358	0.22315127714656247
20	63467383	0.22778706609712251
20	63467408	0.18615011069008786
20	63467433	0.18684031860480266
20	63467458	0.16833889515459263
20	63467483	0.1622334836644811
20	63467508	0.14546439927076954
20	63467533	0.14326115735113085
20	63467558	0.2300027292564336
20	63467583	0.2613204960007332
20	63467608	0.20413828475083945
20	63467633	0.19846910532889442
20	63467658	0.15590365436957426
20	63467683	0.12012842673226659
20	63467708	0.15849491760050524
20	63467733	0.1966631905685254
20	63467758	0.1621363210152154
20	63467783	0.18227389964560126
20	63467808	0.2350103977125859
20	63467833	0.19822985381682462
20	63467858	0.2110157603189892
20	63467883	0.21962905383186293
20	63467908	0.14812692195183128
20	63467933	0.12196867102288736
20	63467958	0.1206437846115771
20	63467983	0.11919125080958815
20	63468008	0.12721023545169516
20	63468033	0.15325613360639506
20	63468058	0.15416905036720882
20	63468083	0.13859240221876695
20	63468108	0.20481172521842889
20	63468133	0.20181823247640493
20	63468158	0.1466653506084523
20	63468183	0.18105157533931088
20	63468208	0.1640865834016229
20	63468233	0.12244871930592806
20	63468258	0.17646102230750593
20	63468283	0.21547301957273052
20	63468308	0.19666710541189417
20	63468333	0.18002457325558982
20	63468358	0.1960931874322332
20	63468383	0.18584020841617596
20	63468408	0.18292330016106004
20	63468433	0.26364239504797843
20	63468458	0.26708166896046476
20	63468483	0.168392770523073
20	63468508	0.1953334375524591
20	63468533	0.22851369452021358
20	63468558	0.25631625648139605
20	63468583	0.26866519789068555
20	63468608	0.1681856465958984
20	63468633	0.1677352749325307
20	63468658	0.17591507593072936
20	63468683	0.17752813206120718
20	63468708	0.2435097993897596
20	63468733	0.23876775574895961
20	63468758	0.1708613715594839
20	63468783	0.1686829861705375
20	63468808	0.1603998491879395
20	63468833	0.18422880240276368
20	63468858	0.24202594378199713
20	63468883	0.1902218101785721
20	63468908	0.1423504271574599
20	63468933	0.17264413700694564
20	63468958	0.18929927421509612
20	63468983	0.24570476800152374
20	63469008	0.2834606703917622
20	63469033	0.2966710155392138
20	63469058	0.29343974952246493
20	63469083	0.23485918693496863
20	63469108	0.20030512164424447
20	63469133	0.21668527252245584
20	63469158	0.2536541592408878
20	63469183	0.24581473981957053
20	63469208	0.2249864303104248
20	63469233	0.16945606999454016
20	63469258	0.15304550762640473
20	63469283	0.24976239728756533
20	63469308	0.27174458340415886
20	63469333	0.1751881230311492
20	63469358	0.2295713193279533
20	63469383	0.2677249135560792
20	63469408	0.1752156221791747
20	63469433	0.1803336505368876
20	63469458	0.23463017695195268
20	63469483	0.2560392110307312
20	63469508	0.25072960321639803
20	63469533	0.2710856213638962
20	63469558	0.2339045361887059
20	63469583	0.181617897138132
20	63469608	0.1568409963086756
20	63469633	0.1449939006427245
20	63469658	0.19924700704416604
20	63469683	0.22504684492334334
20	63469708	0.2296408307001317
20	63469733	0.20721929036311357
20	63469758	0.16609229071841522
20	63469783	0.23674363958877195
20	63469808	0.2315166146364407
20	63469833	0.1548332926061295
20	63469858	0.17712630445077834
20	63469883	0.21842654189085228
20	63469908	0.2535798188926184
20	63469933	0.21410634116491314
20	63469958	0.1790106497110693
20	63469983	0.21405520767199776
20	63470008	0.19594747206491778
20	63470033	0.2190323871179507
20	63470058	0.22885170593695262
20	63470083	0.17987232630629058
20	63470108	0.18722161787074734
20	63470133	0.18339815866857964
20	63470158	0.19394871103227315
20	63470183	0.2063149094991355
20	63470208	0.18545650566416724
20	63470233	0.14113445145894585
20	63470258	0.1548513014504345
20	63470283	0.16941171104935027
20	63470308	0.19311961219366824
20	63470333	0.2566125457895068
20	63470358	0.24982407871660714
20	63470383	0.20707874447915386
20	63470408	0.21338085388753905
20	63470433	0.20675032661966533
20	63470458	0.15294216017952206
20	63470483	0.1390476351203443
20	63470508	0.24453519178480757
20	63470533	0.28631132813631105
20	63470558	0.25082372175134016
20	63470583	0.1992572144602047
20	63470608	0.18382451019607932
20	63470633	0.2374290225645914
20	63470658	0.2061921544393066
20	63470683	0.1852676698818249
20	63470708	0.1724574719050922
20	63470733	0.17863562228651753
20	63470758	0.2170310561407601
20	63470783	0.18379507869086664
20	63470808	0.16131864766525514
20	63470833	0.15507234485373553
20	63470858	0.14571843972805332
20	63470883	0.19127144508779656
20	63470908	0.18248037222033883
20	63470933	0.18083729585865135
20	63470958	0.22858433700214587
20	63470983	0.17667568877891482
20	63471008	0.15569770259878743
20	63471033	0.2033057847951193
20	63471058	0.22882898605931515
20	63471083	0.272797715429542
20	63471108	0.3175275829293677
20	63471133	0.24157800275659594
20	63471158	0.14203996973723157
20	63471183	0.21341282850589063
20	63471208	0.20400017201397877
20	63471233	0.2061326656512892
20	63471258	0.3032374480582658
20	63471283	0.3412187728424993
20	63471308	0.3662988785432416
20	63471333	0.3838170994676032
20	63471358	0.31686809382354236
20	63471383	0.24993427869702278
20	63471408	0.22998914610782317
20	63471433	0.21951481658280833
20	63471458	0.24290452260451922
20	63471483	0.22554424952183869
20	63471508	0.27589716789329155
20	63471533	0.2863071249486113
20	63471558	0.2322748210822715
20	63471583	0.28670424436703146
20	63471608	0.30166531334633134
20	63471633	0.23802820813189016
20	63471658	0.21270968179277672
20	63471683	0.19252952318896432
20	63471708	0.23337865695227014
20	63471733	0.30663827221112994
20	63471758	0.33256171823474034
20	63471783	0.33034149388191675
20	63471808	0.3048681709113651
20	63471833	0.2909092823872807
20	63471858	0.27107479540965235
20	63471883	0.22491636709279925
20	63471908	0.26148003611316584
20	63471933	0.35520299149177526
20	63471958	0.336612094861465
20	63471983	0.28277471277956767
20	63472008	0.3010117349390372
20	63472033	0.32767813625033454
20	63472058	0.2875462947795503
20	63472083	0.2915152911958315
20	63472108	0.3445268937655346
20	63472133	0.3568219329280467
20	63472158	0.32301752235814557
20	63472183	0.3132388769099335
20	63472208	0.271120496199856
20	63472233	0.2546967156431214
20	63472258	0.3228898773891318
20	63472283	0.31277523317410394
20	63472308	0.2764309470326583
20	63472333	0.35810618034837854
20	63472358	0.3873146299306102
20	63472383	0.2714624586583881
20	63472408	0.2396551505852538
20	63472433	0.319190810457439
20	63472458	0.32458739831716493
20	63472483	0.2962455497719973
20	63472508	0.378344268306266
20	63472533	0.39326527023370333
20	63472558	0.3577621320693977
20	63472583	0.3220351561027264
20	63472608	0.3153724645957911
20	63472633	0.3405151285659933
20	63472658	0.3720015114606342
